Pid	Burst	Arr	Pri	Deadline

1	119	75	75	181
2	31	67	86	171
3	97	2	48	51
4	44	12	38	21
5	78	41	84	151
6	79	69	30	112
7	94	41	23	155
8	36	39	77	43
9	97	25	49	54
10	32	70	73	199
11	73	9	49	125
12	140	38	87	105
13	62	18	26	158
14	114	15	63	73
15	132	59	51	129
16	117	30	43	145
17	142	33	76	57
18	97	65	84	137
19	41	49	67	80
20	150	65	67	126
21	104	67	73	135
22	12	8	5	151
23	83	20	62	121
24	15	44	5	51
25	120	51	30	169
26	91	10	39	142
27	18	6	12	76
28	40	18	70	64
29	34	16	23	61
30	20	73	60	77
31	35	12	74	61
32	89	20	55	130
33	82	68	48	91
34	22	31	34	71
35	145	2	19	37
36	76	13	42	123
37	124	59	86	104
38	134	19	79	89
39	100	50	50	140
40	72	79	80	135
41	112	1	70	135
42	144	70	45	111
43	101	14	7	40
44	22	66	37	113
45	103	16	2	154
46	41	64	27	204
47	141	24	50	139
48	52	30	80	96
49	7	43	11	95
50	33	77	62	112
51	57	68	52	146
52	77	49	5	78
53	45	15	16	100
54	107	14	75	111
55	102	5	83	8
56	86	12	90	156
57	84	2	37	20
58	94	77	22	227
59	60	25	10	162
60	64	59	7	167
61	123	18	42	97
62	108	9	47	120
63	125	57	84	169
64	125	1	75	60
65	55	9	46	157
66	142	41	80	92
67	43	58	29	66
68	86	38	85	148
69	42	41	60	92
70	128	22	12	124
71	9	55	26	91
72	11	73	64	138
73	23	61	55	127
74	2	17	79	61
75	94	6	81	87
76	14	56	62	111
77	125	9	16	111
78	150	55	15	116
79	143	64	66	119
80	42	78	30	194
81	63	69	2	134
82	149	75	40	219
83	58	30	44	154
84	29	72	80	75
85	149	71	6	121
86	105	42	42	191
87	134	27	54	104
88	99	41	13	105
89	8	65	68	71
90	77	79	89	115
91	1	21	69	51
92	92	18	24	108
93	77	46	41	78
94	56	29	30	120
95	61	33	18	43
96	7	11	13	25
97	87	51	71	64
98	42	23	18	66
99	94	13	4	48
100	99	15	26	92
