Pid	Burst	Arr	Pri	Nice

1	3	65	70	-18
2	69	60	21	-18
3	113	72	85	16
4	54	73	78	2
5	57	69	50	12
6	38	69	69	18
7	7	1	16	14
8	120	19	71	6
9	74	53	36	-11
10	125	17	25	-4
11	48	21	82	-5
12	85	38	28	-4
13	37	31	77	-1
14	70	78	77	18
15	91	35	3	4
16	68	16	2	-2
17	107	37	5	-7
18	47	70	32	-4
19	63	67	67	5
20	15	40	31	-4
21	50	44	80	10
22	12	30	51	2
23	81	31	4	-16
24	117	30	49	-5
25	64	25	18	-15
26	66	46	45	-15
27	55	6	26	12
28	54	53	75	-9
29	66	67	18	15
30	9	77	21	-3
31	30	32	19	16
32	141	12	83	-7
33	103	37	27	17
34	13	19	78	6
35	122	52	39	10
36	92	47	14	5
37	116	76	45	18
38	38	46	76	12
39	112	71	39	5
40	32	50	50	-11
41	25	26	85	15
42	49	67	67	-10
43	77	62	22	10
44	59	9	16	-10
45	148	55	3	19
46	126	10	48	-1
47	74	17	52	13
48	18	38	21	-12
49	131	63	42	9
50	147	76	63	-19
51	84	1	83	-15
52	141	29	51	14
53	128	28	66	-9
54	92	44	23	7
55	10	49	82	-15
56	39	70	24	14
57	109	21	10	-10
58	96	38	79	9
59	110	64	4	-18
60	93	76	11	5
61	68	7	7	16
62	53	64	76	-11
63	57	22	73	16
64	10	70	54	-9
65	24	77	26	-3
66	119	2	49	-8
67	129	4	79	6
68	119	61	43	7
69	88	39	37	1
70	91	63	36	-19
71	72	74	63	2
72	120	20	3	-12
73	73	48	44	-5
74	86	26	80	-14
75	90	46	89	-13
76	118	56	26	15
77	51	42	59	-10
78	67	53	41	1
79	5	58	30	-1
80	44	53	79	1
81	104	33	20	14
82	99	71	27	12
83	128	12	6	10
84	28	21	14	-9
85	84	11	54	-17
86	7	32	77	-8
87	150	7	29	-16
88	84	72	31	-18
89	92	46	59	12
90	51	50	70	17
91	133	5	85	11
92	67	71	12	8
93	131	47	51	10
94	30	59	33	-9
95	148	4	12	-1
96	99	48	71	3
97	105	75	4	-5
98	87	70	55	-17
99	41	65	40	15
100	92	31	90	-7
