Pid	Burst	Arr	Pri	Nice

1	107	5	19	-11
2	51	51	73	-16
3	62	79	67	-16
4	135	77	57	-7
5	83	71	78	8
6	90	60	27	-4
7	35	21	75	12
8	38	41	10	-19
9	63	23	75	-6
10	141	26	32	-4
11	49	28	54	5
12	63	61	61	12
13	122	7	33	0
14	60	28	71	-16
15	8	58	89	14
16	67	56	83	-13
17	50	51	83	-15
18	138	70	24	-7
19	38	22	22	-2
20	88	4	79	-17
21	32	17	44	14
22	102	63	57	6
23	41	54	77	-6
24	69	16	17	17
25	150	33	59	-14
26	130	47	6	16
27	112	67	41	19
28	101	5	2	-18
29	72	27	87	13
30	61	76	85	18
31	32	43	80	-19
32	94	55	29	-4
33	81	39	25	10
34	33	68	31	-5
35	109	34	5	-2
36	122	48	47	13
37	95	55	12	-12
38	36	1	38	-7
39	100	19	68	-18
40	114	65	60	13
41	115	48	36	10
42	136	8	12	3
43	39	52	68	15
44	97	62	29	-3
45	128	60	16	0
46	137	32	34	16
47	71	35	22	-10
48	137	62	70	-6
49	149	33	89	3
50	73	32	1	-7
51	78	69	45	1
52	144	17	87	17
53	113	63	28	11
54	18	53	40	-7
55	71	75	23	-10
56	44	54	29	16
57	40	50	47	-18
58	149	6	87	18
59	47	7	24	2
60	37	44	71	11
61	83	52	52	12
62	120	3	59	-7
63	115	63	59	-14
64	67	31	64	-3
65	68	14	22	-4
66	89	40	35	-17
67	4	70	54	-13
68	69	71	1	9
69	85	41	24	17
70	136	3	56	15
71	57	4	1	-19
72	56	33	3	11
73	144	58	82	-12
74	55	55	88	8
75	38	72	29	-5
76	31	71	53	18
77	134	9	33	4
78	112	13	74	2
79	65	5	5	1
80	100	43	77	-13
81	82	79	38	11
82	78	28	5	-5
83	39	58	86	16
84	84	6	56	-3
85	56	28	11	8
86	77	65	79	-17
87	150	27	72	1
88	111	15	3	-14
89	148	59	49	-16
90	66	54	54	-15
91	70	38	75	8
92	59	72	76	8
93	119	63	55	10
94	132	64	87	-18
95	110	19	71	-3
96	110	30	14	1
97	44	40	75	6
98	121	60	24	14
99	101	31	57	11
100	99	66	9	6
