Pid	Burst	Arr	Pri	Nice

1	106	8	28	11
2	96	68	67	17
3	44	57	30	3
4	132	56	58	-4
5	76	76	23	6
6	36	36	15	10
7	97	37	5	-16
8	86	37	73	7
9	129	18	21	-18
10	5	16	44	-14
11	71	16	54	-18
12	108	20	41	-7
13	14	11	51	12
14	137	17	36	-18
15	50	36	41	-19
16	57	3	87	-6
17	24	8	10	-16
18	27	9	68	-9
19	110	41	12	-6
20	95	52	76	-1
21	69	16	21	5
22	144	62	47	8
23	19	67	88	-14
24	71	55	12	-11
25	24	40	54	13
26	88	40	70	12
27	135	25	7	1
28	96	71	51	18
29	139	73	1	-8
30	88	37	85	-18
31	88	76	83	1
32	112	32	26	14
33	68	41	49	15
34	86	11	43	-11
35	139	21	44	8
36	93	76	82	2
37	97	58	3	18
38	82	2	64	18
39	145	23	33	17
40	73	58	52	13
41	121	25	69	2
42	68	17	51	-14
43	24	40	56	-1
44	29	43	2	3
45	22	26	53	-13
46	105	37	46	1
47	35	55	84	4
48	97	36	20	13
49	77	11	48	-4
50	3	74	85	-5
51	93	11	36	-13
52	148	53	88	-9
53	63	44	84	-5
54	119	6	9	-8
55	108	55	41	10
56	120	46	75	-16
57	12	63	53	-2
58	61	23	53	10
59	149	1	56	-13
60	87	3	59	-2
61	86	69	29	7
62	44	58	26	5
63	60	73	47	13
64	79	34	7	14
65	85	26	57	-10
66	69	67	50	6
67	40	47	39	-5
68	51	52	79	15
69	133	48	1	2
70	136	13	11	-7
71	67	63	88	-19
72	20	45	69	4
73	26	33	60	9
74	144	46	54	-2
75	25	11	61	-10
76	24	71	14	-10
77	87	9	16	4
78	53	26	71	-18
79	105	4	16	-12
80	102	58	1	9
81	148	47	24	18
82	33	50	38	18
83	124	41	86	-13
84	78	11	46	-7
85	7	51	10	19
86	12	62	80	-5
87	58	63	74	-1
88	50	73	60	2
89	110	79	45	9
90	106	47	72	0
91	112	67	89	14
92	38	63	89	-19
93	30	20	36	18
94	58	20	58	-9
95	134	47	18	17
96	129	22	56	11
97	135	26	42	-4
98	54	9	11	14
99	22	72	59	-17
100	136	30	87	8
