Pid	Burst	Arr	Pri	Nice

1	23	62	61	-7
2	11	67	75	-4
3	22	8	33	16
4	27	57	44	9
5	54	26	71	-7
6	55	68	9	5
7	102	19	28	6
8	62	9	39	17
9	66	29	29	-19
10	115	35	41	-15
11	130	20	35	16
12	57	67	14	-6
13	95	40	10	-8
14	145	38	60	5
15	39	34	3	-9
16	137	19	17	11
17	102	13	59	7
18	110	7	44	4
19	135	24	78	15
20	148	42	53	1
21	85	14	14	-2
22	63	71	9	-18
23	92	17	42	-2
24	96	24	70	-3
25	95	72	74	2
26	9	10	6	-6
27	68	22	86	1
28	24	26	13	17
29	41	74	81	-19
30	1	63	46	13
31	144	39	11	15
32	47	5	75	6
33	12	62	89	9
34	116	48	65	-4
35	139	27	43	-19
36	91	36	44	-18
37	73	7	45	-3
38	137	11	28	-3
39	49	42	69	-8
40	42	20	70	-15
41	104	34	4	2
42	87	70	17	-19
43	89	64	11	15
44	24	11	1	-16
45	131	77	2	17
46	89	56	90	6
47	80	56	6	-16
48	23	75	75	11
49	15	50	58	-6
50	86	16	18	5
51	13	22	45	5
52	35	73	55	-10
53	15	70	86	-19
54	98	32	52	19
55	55	26	28	-5
56	101	4	7	13
57	120	30	28	19
58	10	32	34	-15
59	116	39	41	14
60	55	40	81	10
61	104	10	82	-5
62	93	7	77	-16
63	91	9	49	3
64	48	69	28	-8
65	141	59	56	7
66	76	47	65	-7
67	99	54	85	16
68	131	24	4	-16
69	75	66	6	-11
70	111	24	87	7
71	140	30	83	11
72	32	55	45	9
73	30	8	65	-7
74	91	16	70	-13
75	83	54	56	14
76	63	65	62	-6
77	67	36	77	1
78	50	78	9	-11
79	72	73	7	17
80	125	11	26	-19
81	16	71	33	15
82	98	31	31	14
83	8	3	8	-14
84	16	50	71	-10
85	37	38	70	-14
86	92	53	79	-13
87	10	31	17	4
88	38	25	70	1
89	93	73	15	18
90	16	5	15	18
91	10	76	85	17
92	74	68	8	-9
93	25	43	8	-12
94	56	69	1	-17
95	132	60	63	19
96	141	53	18	7
97	98	71	39	-9
98	8	42	38	-14
99	29	54	55	7
100	141	62	84	-11
