Pid	Burst	Arr	Pri	Nice

1	51	22	81	14
2	127	18	7	-2
3	26	26	2	12
4	71	47	88	8
5	51	37	82	0
6	16	25	67	-8
7	40	58	51	-11
8	126	32	9	17
9	31	14	70	-12
10	63	13	21	19
11	147	12	58	-18
12	136	2	72	7
13	81	52	56	16
14	92	42	24	-14
15	66	45	24	18
16	56	45	89	-17
17	104	31	38	-5
18	90	15	29	10
19	41	42	64	1
20	35	46	75	-7
21	78	47	22	12
22	26	78	52	17
23	50	54	12	-10
24	60	27	46	3
25	84	46	74	16
26	73	58	50	-1
27	29	28	33	19
28	149	16	49	3
29	80	77	88	-11
30	136	32	16	-10
31	18	22	64	12
32	132	43	22	4
33	35	32	21	-12
34	16	79	54	1
35	114	13	69	-7
36	126	36	90	-15
37	127	64	23	-5
38	38	6	34	15
39	138	19	3	-4
40	138	73	79	-13
41	51	53	1	6
42	78	10	5	-2
43	72	59	84	-11
44	10	61	47	-11
45	34	74	75	4
46	129	71	79	-4
47	106	5	70	-16
48	90	79	77	-8
49	58	25	40	13
50	55	73	17	-13
51	49	76	29	6
52	129	70	28	-19
53	54	14	45	17
54	111	70	13	-9
55	77	40	2	-18
56	123	52	49	-17
57	131	48	66	-14
58	94	13	46	-4
59	127	70	42	2
60	81	73	28	16
61	5	49	30	6
62	67	47	75	4
63	69	68	82	-6
64	130	45	32	-12
65	91	21	8	-3
66	132	9	48	-19
67	7	1	86	14
68	133	48	54	-14
69	86	12	56	4
70	19	21	9	2
71	92	45	90	12
72	85	18	82	14
73	90	63	72	-14
74	141	19	52	5
75	71	47	67	11
76	31	58	54	-9
77	106	62	80	-3
78	43	3	53	18
79	81	45	24	7
80	46	27	31	14
81	65	50	18	5
82	93	30	74	3
83	137	74	50	19
84	102	70	65	17
85	16	35	75	-10
86	126	48	63	0
87	43	57	2	-18
88	84	35	27	-4
89	118	62	75	-10
90	127	13	26	1
91	99	5	54	14
92	13	19	23	18
93	125	40	48	12
94	148	67	58	6
95	82	2	52	-2
96	97	38	65	17
97	45	7	55	-17
98	128	74	28	-1
99	102	68	80	14
100	92	40	35	-17
