Pid	Burst	Arr	Pri	Nice

1	17	3	13	12
2	79	36	63	19
3	21	14	14	-14
4	147	75	51	3
5	132	73	23	-19
6	133	68	70	10
7	26	48	7	12
8	3	40	28	-19
9	36	56	34	-11
10	8	35	69	17
11	131	34	14	14
12	122	1	6	-15
13	62	21	17	3
14	57	74	77	-11
15	51	46	67	-8
16	54	65	26	9
17	73	51	75	-17
18	146	59	32	-19
19	119	50	4	10
20	92	48	43	19
21	51	24	68	-13
22	8	3	84	-17
23	10	23	65	1
24	17	79	24	-12
25	110	49	33	17
26	22	47	34	4
27	62	54	72	-8
28	1	32	28	-4
29	67	37	22	-12
30	51	29	86	-5
31	148	2	85	9
32	142	68	13	11
33	137	31	10	4
34	62	66	12	7
35	35	45	87	13
36	60	59	9	13
37	141	56	72	18
38	7	60	41	-15
39	89	29	78	-14
40	104	18	24	17
41	50	20	73	13
42	90	53	75	2
43	90	37	30	7
44	49	75	27	7
45	53	44	20	-12
46	67	2	55	-15
47	108	52	55	-6
48	108	7	6	3
49	65	42	50	14
50	64	44	90	2
51	120	27	76	7
52	141	17	19	-18
53	12	67	34	-11
54	21	65	53	-11
55	54	35	44	-19
56	139	64	71	-6
57	58	78	48	-9
58	48	75	78	13
59	30	49	79	-11
60	67	9	77	-1
61	36	42	36	4
62	143	18	77	-14
63	7	17	42	-1
64	130	32	9	-13
65	125	5	82	-9
66	147	19	31	4
67	123	45	81	-16
68	77	6	58	-16
69	40	1	69	4
70	113	64	11	19
71	38	26	37	18
72	125	20	46	-17
73	24	1	23	-14
74	7	41	51	14
75	146	16	70	-10
76	122	63	64	16
77	114	66	6	12
78	13	23	58	4
79	21	36	89	-12
80	130	39	47	2
81	94	13	59	-10
82	137	55	63	-2
83	82	3	24	10
84	93	47	57	1
85	46	19	85	11
86	91	28	40	14
87	99	66	81	-1
88	6	46	34	-1
89	30	74	41	-3
90	43	11	42	2
91	137	29	57	-4
92	46	62	88	3
93	8	33	13	-8
94	57	45	64	4
95	44	64	36	15
96	135	52	81	4
97	33	9	6	17
98	134	57	70	-2
99	43	40	40	10
100	73	13	73	-10
