Pid	Burst	Arr	Pri	Nice

1	17	39	2	1
2	46	76	19	8
3	32	27	45	-17
4	38	36	34	17
5	90	12	75	16
6	106	8	11	7
7	121	23	40	-14
8	134	57	67	-7
9	107	20	84	19
10	31	35	49	-2
11	92	8	66	-6
12	59	29	72	18
13	83	78	52	13
14	80	16	44	4
15	1	48	33	-9
16	48	74	87	-17
17	98	21	50	17
18	23	67	76	8
19	55	2	78	-3
20	13	3	35	-5
21	16	14	87	1
22	72	44	38	-13
23	63	7	56	16
24	131	53	38	11
25	94	65	2	4
26	110	24	13	-6
27	142	62	29	3
28	80	19	61	-8
29	50	54	53	-12
30	59	32	44	-3
31	91	17	34	18
32	45	73	21	-12
33	135	55	7	-7
34	121	78	69	18
35	122	4	57	14
36	31	50	69	-13
37	8	79	14	4
38	30	69	28	19
39	101	18	3	-11
40	78	14	28	-12
41	6	26	87	-3
42	36	22	51	-18
43	4	46	71	-17
44	27	28	39	0
45	49	71	1	-1
46	24	8	1	6
47	65	55	73	-18
48	137	29	16	19
49	57	29	73	16
50	31	12	52	-5
51	123	26	23	1
52	72	53	17	-2
53	118	72	61	7
54	81	30	76	17
55	146	6	90	-18
56	52	47	19	8
57	109	76	4	-9
58	17	65	37	5
59	19	44	9	-7
60	43	42	82	-4
61	116	77	30	-16
62	16	79	32	7
63	58	28	37	14
64	128	31	89	13
65	129	56	88	-16
66	28	11	5	-6
67	55	78	30	3
68	52	31	47	4
69	118	67	16	-19
70	76	71	7	14
71	40	66	1	19
72	22	49	56	11
73	32	29	77	-14
74	41	74	50	1
75	109	4	73	15
76	3	67	63	1
77	59	63	4	-6
78	57	76	18	7
79	45	33	6	8
80	70	30	89	15
81	7	23	53	-10
82	50	29	75	16
83	23	47	2	-7
84	39	21	84	1
85	103	13	5	10
86	51	3	6	3
87	11	22	33	-3
88	93	45	52	3
89	150	54	41	2
90	69	35	79	-9
91	35	8	26	12
92	37	78	64	-19
93	60	45	88	-18
94	113	73	47	17
95	126	14	36	-11
96	102	26	1	3
97	84	70	81	-9
98	117	47	63	-6
99	42	14	58	-4
100	122	57	51	3
