Pid	Burst	Arr	Pri	Nice

1	91	33	17	15
2	30	34	40	-5
3	32	74	54	-12
4	93	40	43	13
5	83	73	89	-8
6	72	25	42	3
7	84	47	13	16
8	38	76	35	13
9	8	8	13	9
10	88	61	16	-12
11	128	65	39	-19
12	16	76	55	9
13	39	44	65	-4
14	93	19	80	19
15	30	77	45	-3
16	2	9	28	-17
17	143	31	16	-17
18	98	41	71	-5
19	113	45	76	-8
20	122	3	8	7
21	77	33	45	-6
22	140	6	20	7
23	20	79	62	7
24	134	62	21	-4
25	143	72	40	5
26	51	68	88	7
27	92	53	36	-5
28	105	51	35	-15
29	77	50	55	9
30	37	77	10	-12
31	129	53	38	-12
32	24	79	11	13
33	138	34	90	-11
34	63	68	36	11
35	92	41	58	0
36	75	58	82	7
37	95	79	22	18
38	89	18	88	-13
39	47	67	20	12
40	25	5	41	2
41	125	48	42	8
42	29	43	70	-18
43	109	66	60	-3
44	53	11	79	-16
45	89	37	60	8
46	76	8	86	0
47	84	57	34	5
48	150	45	14	-15
49	38	4	62	-11
50	86	42	80	-18
51	61	72	1	7
52	63	53	73	-16
53	132	9	80	-10
54	61	79	81	-7
55	105	4	4	-2
56	112	47	61	-15
57	56	10	56	-11
58	146	35	86	10
59	117	32	63	19
60	37	58	73	18
61	79	41	89	-16
62	92	41	43	18
63	139	71	73	-4
64	17	35	30	-16
65	80	38	84	-2
66	122	18	54	15
67	120	37	10	5
68	93	70	8	16
69	69	56	62	-13
70	69	29	77	19
71	134	36	58	0
72	145	2	56	-9
73	74	46	80	-11
74	143	43	65	-15
75	143	55	11	16
76	110	9	68	-4
77	9	61	7	-5
78	15	20	58	18
79	5	39	72	-3
80	104	57	34	-2
81	19	54	71	16
82	110	15	76	-16
83	13	53	21	-12
84	148	34	52	19
85	21	70	37	-15
86	133	61	77	1
87	118	20	38	0
88	117	8	89	-7
89	138	25	39	15
90	128	43	2	-5
91	124	5	74	14
92	43	19	89	-11
93	54	13	60	-4
94	38	10	67	13
95	125	14	90	12
96	30	36	60	7
97	149	26	7	-10
98	54	1	18	-16
99	15	36	50	-5
100	101	49	21	-5
