Pid	Burst	Arr	Pri	Nice

1	18	59	70	-1
2	146	14	38	19
3	48	62	69	-18
4	38	52	40	-17
5	70	69	61	5
6	142	51	56	7
7	131	30	11	-9
8	33	71	16	-2
9	21	16	12	-9
10	57	72	68	12
11	28	32	74	-1
12	128	73	90	10
13	41	70	49	-17
14	10	46	26	-2
15	125	7	31	6
16	76	62	11	9
17	24	27	6	14
18	85	10	56	13
19	30	2	42	-19
20	114	61	76	6
21	92	31	49	-2
22	91	9	74	7
23	12	47	43	-19
24	103	3	17	17
25	89	33	70	-14
26	58	60	90	19
27	66	69	85	10
28	13	62	46	-15
29	79	77	46	18
30	32	45	85	12
31	124	7	23	6
32	43	73	35	10
33	24	50	57	-5
34	110	25	39	15
35	118	18	68	-4
36	117	62	23	-2
37	123	72	64	-10
38	88	35	38	3
39	10	74	60	3
40	1	34	56	11
41	108	71	36	6
42	91	26	38	-10
43	39	43	67	-6
44	51	27	19	6
45	110	11	18	-2
46	64	60	31	9
47	9	21	88	8
48	145	71	17	3
49	58	12	25	-4
50	118	37	17	17
51	128	49	32	-12
52	65	33	13	11
53	78	32	54	-19
54	9	27	87	-15
55	37	53	70	2
56	60	12	57	19
57	9	43	16	5
58	83	56	47	0
59	68	38	13	-19
60	112	39	49	-5
61	77	8	22	-18
62	19	39	34	-1
63	145	79	47	-8
64	150	24	12	-10
65	87	27	50	-19
66	110	33	33	19
67	76	20	22	12
68	122	11	90	-17
69	103	40	35	0
70	113	27	47	-6
71	73	76	33	6
72	39	16	5	-18
73	123	41	15	-7
74	150	13	71	-15
75	54	25	36	2
76	94	14	5	-16
77	108	18	9	-12
78	1	54	18	10
79	12	53	10	-5
80	26	54	8	-16
81	59	48	11	-2
82	54	1	28	3
83	15	70	4	1
84	150	65	25	-11
85	120	41	70	9
86	72	72	88	-8
87	53	71	19	16
88	34	57	37	7
89	40	45	36	-5
90	150	13	12	19
91	50	43	83	-10
92	44	72	19	15
93	4	24	57	11
94	150	66	43	2
95	36	17	31	-7
96	117	64	55	-1
97	16	76	23	-17
98	115	44	80	-12
99	40	79	54	4
100	34	42	11	-6
