Pid	Burst	Arr	Pri	Nice

1	47	19	57	-11
2	135	13	89	16
3	38	21	73	-18
4	75	36	58	18
5	78	52	75	19
6	11	33	86	-15
7	126	42	9	17
8	127	4	20	19
9	84	57	83	8
10	49	54	37	0
11	13	1	34	9
12	148	34	1	-14
13	128	41	11	16
14	144	77	25	-17
15	25	67	63	-15
16	26	34	77	-8
17	22	23	4	-16
18	133	40	35	19
19	50	29	89	4
20	122	60	24	-2
21	14	62	79	17
22	85	53	27	12
23	90	13	34	15
24	5	58	58	3
25	72	66	27	-3
26	84	3	56	6
27	53	52	53	11
28	14	4	25	-16
29	64	78	86	6
30	129	34	61	1
31	73	10	17	4
32	16	39	86	11
33	29	28	57	-13
34	7	40	87	12
35	97	6	15	-8
36	139	28	10	8
37	125	65	4	-15
38	139	54	35	-5
39	37	5	62	3
40	130	22	63	-5
41	101	66	74	-3
42	43	34	68	-10
43	51	38	61	-19
44	14	5	44	-16
45	67	60	6	12
46	110	23	10	-4
47	134	29	62	2
48	113	40	15	17
49	85	55	12	-7
50	120	66	47	-5
51	144	79	72	12
52	11	68	30	13
53	4	33	86	10
54	67	33	63	1
55	120	17	87	0
56	112	9	69	15
57	143	30	14	18
58	112	49	85	2
59	62	70	35	-4
60	105	73	73	5
61	60	55	24	5
62	146	4	70	-11
63	105	5	61	16
64	143	27	14	17
65	20	32	89	16
66	33	71	69	-19
67	133	30	38	17
68	22	18	58	-19
69	63	51	79	11
70	62	8	67	17
71	138	71	43	11
72	30	70	47	-5
73	89	22	74	-16
74	1	24	57	-9
75	131	73	46	1
76	7	29	24	19
77	48	23	28	8
78	84	53	26	1
79	86	64	64	-19
80	108	46	6	-13
81	88	24	47	-3
82	26	48	76	-2
83	68	34	8	-17
84	126	43	36	-17
85	87	62	4	-14
86	81	31	66	14
87	119	29	63	-3
88	73	18	32	-3
89	3	17	13	2
90	74	36	56	-5
91	133	51	18	-11
92	138	56	33	-5
93	138	49	9	6
94	78	58	76	-6
95	96	10	63	-6
96	69	1	42	19
97	36	26	31	17
98	67	31	62	-4
99	81	30	29	7
100	34	65	35	4
