Pid	Burst	Arr	Pri	Deadline

1	62	9	2	149
2	100	43	76	181
3	62	59	60	180
4	90	65	37	162
5	58	29	58	159
6	33	39	57	129
7	42	49	64	121
8	75	79	67	85
9	22	26	25	129
10	69	62	52	133
11	82	19	3	111
12	72	57	8	132
13	67	67	25	208
14	59	47	13	150
15	85	48	54	87
16	59	43	44	168
17	96	58	40	162
18	16	59	76	61
19	92	9	3	50
20	48	2	26	58
21	18	3	77	27
22	63	15	88	75
23	21	42	31	161
24	62	58	56	196
25	9	75	83	104
26	62	30	22	153
27	45	26	35	98
28	83	56	38	201
29	15	35	70	166
30	17	20	70	97
31	64	24	75	109
32	83	46	34	119
33	22	40	11	57
34	2	22	41	41
35	44	51	23	116
36	46	18	21	161
37	50	53	25	57
38	40	58	50	138
39	12	67	66	162
40	82	4	17	89
41	98	35	3	177
42	89	5	32	116
43	97	12	25	52
44	49	13	62	86
45	5	4	8	100
46	23	33	17	165
47	6	1	77	5
48	71	7	80	49
49	67	37	25	100
50	87	45	23	83
51	51	12	47	91
52	83	45	61	149
53	18	18	72	61
54	14	79	84	104
55	40	26	50	83
56	38	46	69	154
57	59	63	12	165
58	77	32	80	65
59	9	70	73	202
60	61	6	18	102
61	38	72	10	156
62	75	17	70	159
63	85	61	18	122
64	94	33	70	57
65	32	34	27	45
66	14	67	35	201
67	59	19	78	32
68	73	21	49	39
69	88	75	63	139
70	63	3	25	83
71	99	5	12	69
72	88	20	49	152
73	97	16	45	158
74	80	23	65	141
75	44	34	70	157
76	23	67	72	161
77	56	23	8	25
78	8	1	13	15
79	67	4	69	70
80	13	37	9	177
81	28	40	71	155
82	48	51	52	134
83	15	13	25	163
84	6	72	34	162
85	73	52	24	104
86	86	16	27	94
87	63	70	15	107
88	5	41	48	187
89	98	76	42	147
90	71	77	63	94
91	72	48	68	57
92	26	39	61	89
93	8	39	63	162
94	47	68	12	89
95	31	12	49	91
96	49	78	14	103
97	55	70	35	84
98	48	24	22	62
99	18	5	9	22
100	21	63	88	86
