Pid	Burst	Arr	Pri	Deadline

1	45	71	24	215
2	76	8	70	94
3	39	12	52	91
4	99	34	6	73
5	54	55	81	134
6	18	67	5	134
7	7	27	23	123
8	71	31	54	34
9	56	15	48	123
10	57	10	65	107
11	48	79	55	171
12	24	47	70	70
13	99	71	33	189
14	82	18	64	162
15	47	51	82	54
16	18	9	35	23
17	12	40	23	176
18	10	73	22	105
19	15	51	63	168
20	10	27	11	92
21	36	36	3	184
22	69	37	22	135
23	31	60	2	152
24	19	71	67	164
25	56	45	10	68
26	62	41	17	118
27	39	48	5	167
28	28	50	34	142
29	101	75	89	184
30	82	63	48	73
31	63	3	63	149
32	100	71	50	101
33	26	77	22	168
34	23	4	70	107
35	87	57	3	180
36	60	2	64	81
37	101	27	29	137
38	27	63	29	166
39	79	51	39	178
40	89	53	58	76
41	78	40	24	85
42	45	76	87	83
43	28	41	61	190
44	26	29	69	35
45	29	25	25	161
46	72	63	89	142
47	9	76	25	168
48	49	13	46	153
49	26	75	35	215
50	29	40	48	103
51	13	79	83	164
52	51	9	60	85
53	53	22	31	51
54	62	60	17	210
55	47	39	83	158
56	75	37	78	137
57	78	52	21	55
58	55	53	57	133
59	2	45	74	90
60	86	10	30	43
61	31	25	62	127
62	101	61	33	182
63	86	37	89	147
64	63	31	51	123
65	30	62	27	76
66	56	21	4	80
67	35	61	43	76
68	16	43	47	68
69	64	75	36	113
70	39	5	30	119
71	19	11	73	89
72	2	12	41	100
73	27	13	34	91
74	62	64	46	89
75	45	49	9	121
76	45	62	7	81
77	11	14	78	38
78	1	76	77	201
79	53	57	74	123
80	52	7	33	89
81	10	21	69	95
82	89	1	8	64
83	35	8	14	60
84	42	42	41	109
85	33	2	82	59
86	93	46	53	158
87	16	29	87	117
88	99	43	71	44
89	5	43	45	186
90	25	79	55	195
91	49	76	77	160
92	7	30	52	155
93	71	34	53	147
94	71	77	37	138
95	100	65	20	176
96	76	42	44	69
97	26	38	49	69
98	17	45	56	69
99	74	28	39	163
100	93	18	11	87
