Pid	Burst	Arr	Pri	Deadline

1	1	21	56	167
2	61	5	38	84
3	42	59	27	188
4	9	27	31	152
5	81	77	81	193
6	15	8	3	137
7	24	4	15	89
8	37	53	29	189
9	77	57	63	198
10	67	19	61	145
11	13	32	36	122
12	24	34	56	157
13	54	64	51	152
14	63	47	58	162
15	30	31	12	125
16	1	21	19	97
17	21	35	88	138
18	61	31	18	41
19	68	60	61	201
20	18	34	15	128
21	53	26	23	80
22	40	73	41	108
23	21	43	8	164
24	87	78	39	207
25	22	61	81	159
26	97	8	40	109
27	32	8	83	126
28	23	52	54	83
29	43	63	16	190
30	22	63	11	213
31	11	61	53	182
32	47	5	2	27
33	97	65	21	208
34	75	2	34	91
35	42	14	27	133
36	82	59	59	72
37	90	3	79	66
38	4	66	54	136
39	32	52	63	194
40	2	22	65	118
41	34	36	80	157
42	55	18	81	28
43	11	46	38	65
44	33	60	61	115
45	45	61	49	65
46	36	6	36	70
47	27	63	55	90
48	45	8	84	49
49	5	76	41	99
50	85	26	62	100
51	25	1	63	31
52	65	69	76	70
53	14	50	86	118
54	89	49	71	157
55	84	30	67	46
56	37	49	19	111
57	42	68	76	145
58	48	14	82	150
59	90	39	15	107
60	100	16	90	32
61	11	76	84	121
62	30	61	25	122
63	60	72	9	179
64	48	63	70	90
65	94	40	65	41
66	82	17	46	23
67	100	53	65	127
68	8	21	21	34
69	97	59	57	89
70	5	68	22	160
71	41	76	70	179
72	46	55	1	120
73	90	75	87	78
74	51	43	8	90
75	93	67	30	126
76	72	65	11	213
77	50	51	49	78
78	19	1	50	145
79	30	59	88	109
80	28	26	16	43
81	39	59	19	171
82	77	45	30	188
83	77	3	73	93
84	97	78	19	159
85	40	59	10	105
86	60	20	2	151
87	48	2	22	144
88	44	49	68	187
89	96	21	39	89
90	58	8	90	27
91	17	78	48	163
92	11	54	15	145
93	26	70	38	175
94	96	15	47	71
95	79	5	18	143
96	39	2	57	49
97	41	50	76	142
98	41	10	20	37
99	71	41	43	116
100	64	71	67	104
