Pid	Burst	Arr	Pri	Deadline

1	50	52	61	89
2	46	15	19	164
3	85	68	53	177
4	38	57	24	143
5	5	2	29	29
6	67	74	6	123
7	14	65	61	171
8	50	9	39	83
9	23	52	80	132
10	89	74	48	136
11	13	37	42	170
12	78	8	61	21
13	49	49	9	98
14	14	55	59	109
15	40	73	10	165
16	83	73	45	200
17	39	47	86	60
18	28	37	66	86
19	95	44	23	67
20	67	24	6	101
21	57	63	27	127
22	95	13	79	111
23	63	51	31	76
24	50	76	1	77
25	62	19	35	127
26	82	30	6	57
27	11	31	11	41
28	8	10	48	58
29	50	49	43	96
30	53	38	46	52
31	52	16	8	140
32	33	20	26	97
33	56	64	64	200
34	76	67	4	183
35	86	64	87	188
36	78	58	82	175
37	68	29	5	47
38	77	56	32	88
39	33	25	5	68
40	27	17	89	72
41	47	44	3	95
42	43	54	8	79
43	75	79	28	203
44	48	14	22	103
45	23	19	16	44
46	81	43	48	162
47	87	29	71	145
48	31	3	80	118
49	68	33	7	62
50	98	7	45	98
51	30	19	56	107
52	55	77	26	158
53	3	61	45	149
54	18	31	78	158
55	81	48	24	121
56	64	12	89	148
57	11	31	36	77
58	13	42	47	162
59	54	50	79	148
60	25	73	28	203
61	26	40	67	129
62	16	27	88	153
63	66	40	48	186
64	96	21	64	74
65	4	1	68	85
66	64	15	45	59
67	51	2	73	102
68	76	3	50	22
69	54	47	69	50
70	73	66	30	187
71	76	59	48	119
72	25	48	44	159
73	12	62	14	186
74	72	61	39	199
75	69	58	28	173
76	43	15	13	101
77	101	51	50	94
78	32	39	5	92
79	27	61	44	126
80	88	53	17	93
81	99	79	43	118
82	85	55	57	90
83	101	38	89	62
84	43	53	50	108
85	80	46	38	88
86	92	39	86	159
87	87	6	86	43
88	101	11	16	41
89	65	63	69	168
90	66	68	80	186
91	1	12	13	61
92	89	21	43	117
93	73	79	9	153
94	79	70	5	185
95	7	38	1	122
96	21	27	83	102
97	45	67	30	112
98	85	43	72	87
99	51	50	84	82
100	85	15	59	27
