Pid	Burst	Arr	Pri	Deadline

1	38	74	90	190
2	12	61	41	86
3	73	18	13	41
4	39	41	68	138
5	3	53	85	180
6	32	24	15	49
7	62	54	74	133
8	92	59	46	154
9	74	55	52	178
10	25	50	19	83
11	92	27	78	149
12	4	24	90	86
13	29	32	9	42
14	29	46	4	73
15	35	70	75	107
16	89	44	33	179
17	20	18	10	60
18	90	45	67	81
19	82	7	90	146
20	5	50	72	152
21	46	78	14	201
22	91	73	60	208
23	60	14	73	96
24	8	14	29	152
25	33	74	51	204
26	25	20	7	157
27	21	1	65	6
28	46	32	9	133
29	32	41	44	57
30	90	2	52	12
31	50	71	31	138
32	19	35	24	67
33	48	54	11	79
34	24	62	41	99
35	9	42	63	53
36	40	58	13	93
37	71	46	73	92
38	26	26	85	66
39	56	55	38	64
40	65	2	70	97
41	63	47	59	139
42	98	58	8	93
43	21	74	7	210
44	53	38	72	187
45	1	56	44	114
46	85	25	89	134
47	84	45	27	98
48	75	6	20	73
49	27	8	8	98
50	96	18	34	89
51	43	71	48	153
52	80	6	12	85
53	52	9	46	43
54	46	75	82	99
55	65	56	46	68
56	16	73	40	203
57	1	1	40	48
58	37	56	50	141
59	37	16	69	163
60	15	28	75	93
61	14	18	60	70
62	30	1	75	139
63	20	43	51	67
64	89	15	3	92
65	24	57	86	201
66	26	73	79	156
67	72	7	41	40
68	61	8	29	82
69	27	29	88	95
70	53	60	15	154
71	41	50	87	87
72	77	14	53	19
73	49	18	29	127
74	20	52	63	111
75	36	2	53	74
76	73	38	56	89
77	6	16	18	97
78	46	63	54	197
79	43	73	42	91
80	78	46	82	52
81	91	61	17	120
82	1	53	57	77
83	37	74	36	140
84	97	62	18	103
85	27	70	61	162
86	58	65	7	106
87	85	16	20	17
88	28	78	89	135
89	6	39	55	44
90	44	41	88	111
91	61	57	8	202
92	67	49	35	132
93	49	26	47	128
94	100	47	74	139
95	85	52	62	136
96	18	42	50	183
97	74	8	77	69
98	71	51	70	132
99	6	6	75	76
100	5	12	62	127
