Pid	Burst	Arr	Pri	Deadline

1	71	4	72	146
2	60	43	52	88
3	96	38	8	41
4	54	7	15	85
5	10	53	26	58
6	83	17	37	128
7	85	79	35	189
8	21	66	20	135
9	79	21	23	54
10	96	37	39	104
11	62	8	2	117
12	52	58	66	128
13	67	16	66	129
14	53	74	5	160
15	35	49	15	160
16	24	75	60	106
17	6	54	33	119
18	46	65	41	132
19	79	2	55	78
20	19	76	77	186
21	38	8	12	150
22	66	79	78	224
23	82	51	46	141
24	51	70	90	116
25	85	10	20	124
26	43	4	90	86
27	98	67	7	172
28	49	11	34	17
29	41	76	27	197
30	86	32	55	176
31	39	67	53	108
32	50	6	48	139
33	12	3	88	120
34	36	10	79	145
35	9	79	81	134
36	58	4	60	41
37	70	79	37	108
38	80	74	82	111
39	59	47	69	148
40	26	24	15	171
41	6	41	24	46
42	58	4	12	151
43	15	20	81	101
44	92	18	80	50
45	78	45	22	149
46	73	45	72	89
47	48	19	76	169
48	85	25	27	175
49	7	6	27	33
50	93	68	83	162
51	14	70	77	140
52	46	72	71	176
53	79	31	58	103
54	101	57	17	97
55	54	58	10	63
56	57	76	87	185
57	57	77	75	100
58	85	63	86	205
59	37	72	62	188
60	72	35	69	45
61	100	4	13	31
62	91	42	7	91
63	92	8	45	14
64	21	44	46	87
65	54	70	27	206
66	88	8	30	98
67	2	29	85	93
68	60	72	35	156
69	80	6	72	87
70	93	70	69	90
71	60	52	48	133
72	22	59	25	132
73	36	22	58	28
74	16	8	6	60
75	75	12	77	49
76	48	7	52	85
77	90	46	30	105
78	10	42	18	191
79	57	44	42	167
80	24	22	45	172
81	76	46	65	173
82	70	72	88	196
83	33	27	62	157
84	98	46	79	185
85	43	70	77	151
86	34	5	12	91
87	82	78	28	114
88	31	33	35	107
89	76	34	80	35
90	26	15	26	161
91	89	67	65	130
92	25	78	51	218
93	3	20	62	34
94	60	31	69	138
95	33	36	44	127
96	1	4	44	22
97	39	21	41	33
98	90	26	7	148
99	64	56	87	165
100	60	67	30	141
