Pid	Burst	Arr	Pri	Deadline

1	8	19	80	117
2	55	1	37	104
3	96	78	14	118
4	81	16	16	65
5	44	65	55	184
6	55	68	17	101
7	97	48	84	128
8	12	45	90	144
9	55	26	76	155
10	51	23	44	72
11	44	6	89	153
12	80	53	7	109
13	101	55	85	201
14	73	24	20	138
15	26	51	74	124
16	6	17	73	48
17	6	46	31	69
18	50	21	41	36
19	49	41	63	63
20	97	28	70	65
21	48	26	54	160
22	11	61	8	179
23	37	29	10	159
24	59	72	2	82
25	39	61	32	66
26	88	45	71	55
27	68	78	23	179
28	32	35	70	79
29	68	34	87	42
30	80	15	5	145
31	80	4	71	7
32	71	21	42	132
33	54	25	56	39
34	66	26	75	92
35	100	36	77	51
36	76	48	58	90
37	19	6	49	78
38	52	47	81	75
39	43	35	60	53
40	22	48	38	133
41	82	69	1	160
42	87	71	29	126
43	54	57	1	162
44	18	46	26	59
45	23	46	84	72
46	15	66	45	124
47	44	31	37	70
48	34	14	34	134
49	68	40	61	175
50	69	41	31	125
51	37	50	38	78
52	31	71	10	128
53	70	21	15	170
54	28	42	48	55
55	62	23	22	80
56	28	35	56	78
57	20	73	19	124
58	65	18	14	120
59	92	35	31	59
60	72	71	13	160
61	24	59	79	169
62	56	52	3	87
63	36	28	1	151
64	24	77	76	180
65	78	54	55	68
66	80	41	17	141
67	57	75	85	147
68	64	65	10	134
69	90	49	88	83
70	84	68	8	195
71	41	13	31	43
72	47	41	64	177
73	1	37	51	69
74	1	3	41	44
75	61	8	52	96
76	62	30	28	170
77	70	57	53	123
78	63	58	64	177
79	17	10	89	141
80	13	15	78	90
81	101	56	76	158
82	82	17	45	123
83	38	66	13	128
84	53	5	13	7
85	41	63	38	89
86	56	78	77	202
87	17	50	36	69
88	1	7	25	111
89	94	48	17	78
90	68	56	15	142
91	26	14	49	153
92	73	67	80	135
93	85	39	55	139
94	5	13	65	41
95	49	24	38	93
96	87	53	82	146
97	55	68	54	152
98	36	25	42	166
99	35	26	1	43
100	37	46	76	149
