Pid	Burst	Arr	Pri	Deadline

1	91	43	38	56
2	61	12	56	80
3	43	16	67	133
4	60	45	72	47
5	76	40	32	50
6	83	26	48	122
7	50	39	49	180
8	29	43	18	155
9	71	27	34	167
10	33	12	79	151
11	14	31	46	85
12	92	23	78	171
13	83	10	29	21
14	97	17	76	136
15	6	70	49	72
16	19	50	83	129
17	78	29	68	57
18	55	40	9	104
19	8	28	50	55
20	22	6	54	107
21	56	68	44	172
22	38	12	42	155
23	49	9	54	77
24	66	67	78	107
25	16	58	89	204
26	95	33	89	150
27	51	56	45	81
28	93	62	28	147
29	9	41	68	152
30	82	58	13	173
31	45	74	24	170
32	17	9	75	62
33	16	12	78	54
34	62	27	30	82
35	8	44	50	190
36	96	74	80	197
37	26	42	45	99
38	67	17	74	131
39	63	24	59	69
40	72	24	90	62
41	28	51	71	93
42	43	72	67	219
43	72	62	52	81
44	33	6	14	88
45	69	14	70	27
46	83	60	6	116
47	20	73	3	134
48	22	29	61	157
49	71	61	72	170
50	3	4	37	23
51	45	73	30	201
52	69	35	51	93
53	19	79	10	210
54	20	30	58	66
55	32	77	66	138
56	92	60	8	205
57	4	43	65	146
58	34	57	83	81
59	41	53	1	82
60	86	29	78	41
61	76	1	74	28
62	83	20	62	106
63	7	74	56	91
64	60	57	71	92
65	65	77	9	102
66	60	39	19	77
67	24	46	58	122
68	41	70	87	196
69	54	3	32	120
70	57	3	14	40
71	61	14	53	41
72	6	33	83	64
73	75	2	55	111
74	88	48	18	190
75	62	32	37	101
76	82	47	6	132
77	4	43	73	142
78	58	11	15	94
79	90	50	50	192
80	92	37	22	71
81	58	32	44	172
82	29	22	71	110
83	97	52	6	82
84	59	63	46	102
85	56	1	9	114
86	24	27	76	62
87	51	2	57	117
88	7	57	88	61
89	92	78	75	87
90	27	5	6	100
91	90	28	34	57
92	99	60	7	119
93	83	30	81	70
94	34	12	44	155
95	52	55	77	109
96	86	37	79	112
97	24	30	45	163
98	81	54	47	159
99	64	70	44	165
100	4	2	3	109
