Pid	Burst	Arr	Pri	Deadline

1	100	8	43	101
2	68	55	50	194
3	99	34	53	149
4	5	22	77	23
5	16	27	20	50
6	93	12	16	126
7	31	12	6	111
8	96	78	75	180
9	70	23	14	46
10	13	1	63	143
11	88	38	8	76
12	14	18	30	33
13	38	38	8	104
14	87	75	59	111
15	17	66	36	86
16	38	63	84	85
17	85	77	74	208
18	96	16	25	161
19	22	36	2	104
20	93	14	22	148
21	24	21	79	126
22	22	3	12	72
23	24	62	51	139
24	87	14	38	163
25	35	9	62	134
26	90	29	59	173
27	7	24	53	150
28	97	27	12	143
29	83	46	63	176
30	37	48	49	113
31	95	40	21	83
32	70	63	71	148
33	87	33	30	169
34	78	16	70	34
35	50	27	15	31
36	101	46	51	51
37	21	46	44	154
38	37	26	14	129
39	8	38	47	113
40	13	20	10	158
41	63	51	63	192
42	12	75	30	106
43	48	66	26	153
44	74	66	31	99
45	51	32	80	143
46	99	55	55	139
47	26	9	8	142
48	73	30	82	142
49	32	55	34	144
50	27	14	21	113
51	60	73	5	210
52	2	67	20	182
53	21	61	46	176
54	67	25	18	78
55	3	18	35	120
56	26	6	25	123
57	2	22	77	75
58	34	5	1	13
59	5	50	25	97
60	27	47	12	164
61	51	27	82	28
62	8	42	24	120
63	87	73	81	87
64	29	3	10	104
65	98	66	33	115
66	33	52	79	99
67	70	65	63	170
68	57	64	11	161
69	23	13	8	81
70	56	6	77	78
71	92	36	47	129
72	8	12	43	52
73	84	59	81	74
74	21	42	31	184
75	30	53	6	127
76	24	48	80	148
77	96	34	69	142
78	1	79	51	146
79	68	33	9	55
80	57	54	54	92
81	57	29	52	80
82	97	14	34	122
83	64	76	23	204
84	6	14	48	143
85	74	30	78	175
86	51	58	53	169
87	75	12	65	134
88	29	39	69	163
89	10	3	76	109
90	93	21	55	168
91	6	54	26	171
92	32	1	5	27
93	42	49	73	166
94	93	68	40	112
95	12	23	45	57
96	31	14	38	27
97	49	70	50	88
98	7	5	6	19
99	5	46	70	131
100	4	52	73	102
