Pid	Burst	Arr	Pri	Deadline

1	42	11	69	146
2	2	2	65	88
3	35	57	30	88
4	30	33	32	80
5	94	27	32	165
6	72	49	88	86
7	84	28	29	54
8	16	51	30	181
9	7	60	16	168
10	23	75	13	180
11	59	49	15	186
12	31	61	55	73
13	29	29	29	140
14	12	57	79	90
15	37	31	80	135
16	44	63	45	180
17	52	42	66	68
18	18	9	40	137
19	58	17	16	161
20	98	1	35	63
21	94	74	44	127
22	85	32	25	46
23	9	12	49	94
24	31	71	40	166
25	31	5	60	121
26	97	73	33	185
27	72	37	67	121
28	80	58	17	173
29	40	19	69	148
30	35	35	82	165
31	67	6	31	8
32	60	15	6	34
33	83	17	74	102
34	45	29	9	66
35	8	54	60	151
36	16	51	84	185
37	22	5	14	132
38	70	14	16	48
39	100	63	65	94
40	80	56	49	75
41	71	44	73	62
42	37	53	54	155
43	32	56	41	85
44	83	22	4	102
45	49	54	86	85
46	28	48	35	150
47	74	20	64	32
48	54	43	30	126
49	7	51	2	84
50	79	76	66	224
51	39	67	56	143
52	65	32	27	78
53	96	23	46	75
54	64	44	25	153
55	92	49	23	124
56	91	53	37	96
57	11	27	67	54
58	62	53	76	154
59	34	12	18	110
60	70	17	83	80
61	51	57	46	184
62	47	68	77	168
63	94	5	54	40
64	31	20	39	120
65	42	63	28	71
66	32	55	10	174
67	8	12	29	15
68	92	7	65	75
69	37	40	44	133
70	51	47	64	61
71	101	56	70	109
72	5	29	33	75
73	43	12	46	16
74	89	49	62	92
75	65	26	15	148
76	65	55	31	192
77	28	18	41	114
78	13	33	80	92
79	97	46	52	194
80	40	27	74	51
81	41	60	19	192
82	3	10	24	76
83	19	60	7	158
84	31	20	17	91
85	59	52	47	86
86	96	53	2	141
87	26	22	18	48
88	99	49	12	64
89	24	7	86	102
90	20	64	33	192
91	78	64	75	132
92	89	70	70	165
93	97	20	8	42
94	82	44	50	115
95	50	9	58	153
96	69	24	30	35
97	11	53	67	117
98	68	57	41	125
99	48	9	45	108
100	52	57	44	116
