Pid	Burst	Arr	Pri	Deadline

1	1	6	61	147
2	68	31	64	129
3	38	32	89	142
4	58	19	51	80
5	52	47	6	113
6	73	31	89	83
7	2	13	74	120
8	7	57	36	171
9	9	40	35	79
10	15	70	52	163
11	10	37	59	131
12	43	61	71	102
13	74	69	83	100
14	17	26	19	40
15	64	16	8	108
16	53	5	68	39
17	6	76	38	100
18	67	37	54	54
19	55	42	3	108
20	8	73	10	88
21	59	42	23	162
22	23	40	74	177
23	1	18	78	161
24	72	34	17	154
25	22	16	18	48
26	51	72	88	120
27	16	42	9	177
28	35	70	7	142
29	57	18	25	22
30	21	66	64	130
31	42	15	5	16
32	19	34	23	37
33	18	3	18	85
34	31	68	45	110
35	53	43	63	87
36	48	9	62	69
37	12	58	61	167
38	23	30	11	40
39	44	34	63	98
40	73	53	73	56
41	18	56	56	107
42	62	35	73	86
43	17	2	12	106
44	50	60	88	131
45	11	13	80	30
46	33	29	23	164
47	63	5	34	54
48	55	19	81	79
49	69	21	29	100
50	8	67	6	173
51	37	66	83	70
52	38	46	36	82
53	68	40	15	43
54	68	17	49	133
55	25	12	35	106
56	27	69	29	102
57	22	20	48	30
58	70	38	74	179
59	36	37	8	88
60	3	76	68	97
61	1	18	78	111
62	74	66	11	163
63	29	69	14	110
64	32	8	65	147
65	42	73	17	208
66	75	12	8	23
67	19	66	41	122
68	30	24	57	118
69	59	63	79	178
70	64	78	54	139
71	60	0	64	72
72	60	5	45	59
73	61	71	58	217
74	21	34	26	65
75	58	67	24	142
