Pid	Burst	Arr	Pri	Deadline

1	130	72	60	217
2	48	19	24	65
3	79	9	56	130
4	49	14	4	101
5	58	41	26	85
6	30	60	62	167
7	38	76	37	127
8	21	54	73	106
9	70	40	16	157
10	77	78	42	136
11	89	53	80	190
12	82	54	6	193
13	97	13	32	42
14	16	67	45	172
15	44	56	28	121
16	146	76	86	141
17	58	9	84	143
18	94	11	33	43
19	26	21	41	128
20	68	74	27	88
21	106	28	12	52
22	44	65	30	153
23	60	73	24	180
24	141	22	14	70
25	134	38	83	168
26	55	53	11	133
27	48	16	58	33
28	28	51	30	87
29	65	65	81	174
30	51	22	8	35
31	31	50	59	71
32	71	21	60	128
33	2	55	86	112
34	129	61	38	139
35	131	44	34	104
36	13	41	57	119
37	149	46	88	147
38	149	17	53	98
39	87	42	33	101
40	129	19	75	150
