Pid	Burst	Arr	Pri	Deadline

1	136	67	28	110
2	114	4	27	5
3	33	6	3	26
4	94	59	27	185
5	43	7	32	46
6	61	67	56	86
7	142	29	88	75
8	67	32	83	137
9	74	64	27	153
10	83	73	60	90
11	101	24	6	120
12	130	4	41	79
13	129	6	75	97
14	98	59	19	148
15	70	35	67	74
16	51	3	83	127
17	32	9	24	123
18	26	49	3	175
19	46	17	71	95
20	54	56	24	140
21	98	52	54	97
22	18	66	5	205
23	41	67	19	158
24	53	21	86	105
25	14	20	10	59
26	34	48	74	180
27	3	19	29	127
28	28	58	41	183
29	29	41	11	139
30	97	16	19	154
31	130	59	40	91
32	40	52	78	105
33	77	59	1	169
34	150	26	31	28
35	89	57	50	75
36	12	62	22	155
37	116	52	32	114
38	68	49	11	96
39	147	31	41	119
40	26	14	20	116
41	16	51	53	118
42	137	25	60	152
43	104	31	24	49
44	33	72	50	220
45	98	79	51	94
46	131	8	24	37
47	142	71	56	140
48	143	41	80	101
49	138	67	6	93
50	87	5	62	98
51	76	77	20	185
52	31	33	37	161
53	21	74	44	127
54	28	46	73	117
55	54	6	19	104
56	6	64	67	109
57	94	63	10	145
58	31	10	84	18
59	117	58	55	107
60	5	64	78	142
