Pid	Burst	Arr	Pri	Deadline

1	149	20	29	50
2	137	38	49	181
3	97	33	28	92
4	98	27	13	159
5	97	61	75	84
6	39	47	88	192
7	101	67	83	131
8	106	48	12	152
9	6	9	65	54
10	129	32	7	159
11	72	32	36	103
12	89	68	22	103
13	57	11	49	107
14	73	22	52	97
15	5	22	49	132
16	10	53	85	120
17	143	3	51	26
18	6	79	60	208
19	105	11	50	54
20	96	14	69	17
21	99	3	90	76
22	5	52	58	61
23	48	79	50	188
24	29	20	55	41
25	87	31	66	175
26	86	9	2	49
27	83	74	44	102
28	24	66	90	90
29	102	45	67	53
30	71	65	47	85
31	131	75	8	136
32	26	42	43	154
33	92	32	7	59
34	74	43	59	49
35	51	24	4	150
36	116	13	59	132
37	46	71	67	187
38	90	70	68	192
39	132	37	24	96
40	121	22	80	84
41	144	35	21	103
42	56	20	73	28
43	112	49	13	179
44	123	40	68	58
45	128	75	5	194
46	20	25	23	79
47	139	1	22	110
48	142	47	13	183
49	111	71	75	139
50	73	8	75	42
51	87	48	5	107
52	142	13	38	132
53	138	40	79	48
54	136	27	23	53
55	57	27	6	127
56	107	64	17	132
57	20	31	37	123
58	20	63	28	71
59	122	51	6	164
60	6	56	81	200
61	106	33	83	176
62	102	15	48	75
63	140	11	10	108
64	63	78	36	161
65	139	3	76	11
66	115	56	45	143
67	97	36	19	138
68	76	66	87	149
69	3	52	16	156
70	115	65	14	170
71	100	39	73	52
72	70	20	27	130
73	21	57	57	193
74	77	65	12	88
75	66	11	26	54
76	53	60	36	115
77	71	77	61	165
78	97	21	64	120
79	50	40	73	61
80	115	20	41	155
