Pid	Burst	Arr	Pri	Deadline

1	122	72	33	156
2	137	58	57	149
3	49	53	51	199
4	86	70	40	135
5	48	44	10	62
6	73	75	60	121
7	86	79	19	189
8	115	36	85	122
9	85	78	20	201
10	92	3	4	144
11	18	58	38	161
12	86	32	18	165
13	32	34	61	138
14	114	48	21	97
15	15	34	31	163
16	112	64	26	163
17	74	54	41	69
18	96	36	57	150
19	133	21	66	89
20	134	68	13	83
21	124	69	21	156
22	56	67	68	189
23	64	56	2	82
24	84	39	26	98
25	56	20	66	73
26	34	69	76	85
27	28	1	76	12
28	118	72	18	215
29	92	48	50	97
30	70	50	72	86
31	18	62	53	65
32	143	76	62	176
33	135	3	33	73
34	22	27	78	77
35	53	15	82	88
36	112	52	65	157
37	90	20	85	82
38	64	8	67	141
39	2	79	76	223
40	98	17	26	99
41	89	75	54	185
42	67	71	39	93
43	65	60	4	86
44	113	22	10	75
45	54	40	46	59
46	61	11	62	73
47	72	79	47	98
48	39	71	32	198
49	1	79	86	199
50	95	66	81	75
51	19	3	56	36
52	91	42	77	88
53	150	54	27	114
54	113	16	61	50
55	58	7	14	103
56	81	50	72	132
57	10	38	51	45
58	55	11	45	136
59	26	25	68	43
60	67	69	4	136
61	48	46	36	108
62	49	77	88	183
63	128	2	43	60
64	56	20	11	138
65	134	43	4	82
66	33	48	65	106
67	42	65	38	76
68	20	1	47	120
69	122	11	90	83
70	4	75	27	206
71	82	33	61	170
72	54	62	6	99
73	124	2	67	60
74	71	58	48	170
75	67	47	32	185
76	87	21	16	79
77	106	36	9	145
78	18	22	30	121
79	87	48	48	188
80	62	47	18	134
81	24	71	25	165
82	50	79	17	195
83	6	10	6	154
84	80	44	51	79
85	50	50	24	118
86	39	3	46	128
87	66	12	46	41
88	48	31	56	102
89	101	41	44	191
90	75	63	48	195
91	100	11	35	93
92	35	79	86	216
93	7	11	84	56
94	47	49	49	63
95	26	61	5	134
96	28	74	23	203
97	123	45	90	144
98	79	59	20	140
99	121	54	72	60
100	130	62	52	198
