Pid	Burst	Arr	Pri	Deadline

1	145	73	23	155
2	46	63	10	130
3	98	29	70	169
4	81	25	52	75
5	90	29	9	75
6	136	31	73	106
7	15	58	65	128
8	12	41	50	99
9	84	41	71	170
10	109	70	76	126
11	127	54	7	164
12	96	50	1	85
13	77	66	72	180
14	105	33	60	54
15	39	28	61	130
16	33	54	62	170
17	114	70	27	194
18	92	63	89	184
19	50	46	50	191
20	17	67	81	212
21	50	69	40	74
22	17	51	25	159
23	146	35	51	64
24	59	21	16	95
25	26	74	48	93
26	135	58	79	93
27	103	49	51	70
28	11	69	45	182
29	125	18	87	62
30	24	75	23	146
31	112	35	9	55
32	87	70	63	84
33	88	61	62	186
34	20	61	61	85
35	42	30	14	135
36	54	9	67	38
37	35	36	64	146
38	127	21	60	109
39	90	36	69	62
40	77	71	39	137
41	45	38	10	102
42	45	60	27	198
43	143	28	32	126
44	89	41	36	66
45	144	10	74	33
46	26	28	12	144
47	44	13	43	133
48	76	16	57	136
49	106	23	4	173
50	30	16	9	90
51	2	27	22	169
52	92	25	47	111
53	50	63	70	138
54	65	3	2	111
55	93	13	69	31
56	118	24	70	149
57	94	14	26	39
58	94	9	69	156
59	96	31	19	69
60	70	65	25	184
61	108	1	14	24
62	8	21	32	122
63	21	58	80	98
64	128	11	44	134
65	33	5	79	34
66	5	4	85	104
67	70	78	69	218
68	121	9	70	140
69	148	21	85	27
70	142	66	68	78
71	148	21	22	48
72	40	72	51	196
73	58	35	84	97
74	148	6	3	74
75	143	36	49	52
76	66	24	48	88
77	73	62	31	126
78	89	25	7	112
79	108	67	45	214
80	47	77	83	83
81	67	62	67	178
82	56	32	63	133
83	132	41	56	89
84	63	5	13	140
85	16	1	10	105
86	12	19	32	138
87	58	61	78	165
88	74	21	19	63
89	17	67	37	140
90	107	43	83	184
91	36	22	60	120
92	52	25	22	144
93	84	36	42	131
94	61	78	85	196
95	74	61	63	110
96	73	47	90	137
97	59	2	72	69
98	89	13	87	40
99	73	49	4	75
100	149	12	54	94
101	40	51	18	53
102	32	8	29	15
103	76	61	25	210
104	125	63	88	96
105	44	1	40	35
106	34	70	30	78
107	106	70	3	174
108	141	31	88	113
109	96	20	54	148
110	109	30	74	117
111	97	17	55	88
112	136	66	66	95
113	74	58	33	67
114	64	47	46	118
115	5	1	55	48
116	27	49	39	73
117	28	5	61	142
118	119	10	65	75
119	29	77	38	91
120	34	29	13	136
121	49	60	55	74
122	128	19	55	54
123	131	6	21	65
124	70	36	82	185
125	126	66	37	161
126	73	49	69	150
127	121	51	84	55
128	140	12	50	102
129	12	52	44	192
130	7	75	24	212
131	146	7	75	124
132	117	12	77	104
133	13	6	66	91
134	64	73	35	108
135	96	15	38	101
136	56	30	55	149
137	25	8	48	40
138	67	75	40	137
139	137	62	20	67
140	45	55	36	112
141	52	31	43	146
142	32	3	21	130
143	28	32	54	167
144	138	63	44	127
145	18	54	65	191
146	146	59	70	191
147	83	35	8	162
148	28	25	85	104
149	68	64	35	65
150	7	60	90	146
