Pid	Burst	Arr	Pri	Deadline

1	5	30	3	118
2	76	79	82	130
3	120	36	34	149
4	119	21	28	24
5	129	46	76	129
6	17	30	48	132
7	60	27	67	61
8	49	10	86	115
9	10	53	72	190
10	35	30	7	34
11	146	62	26	176
12	56	76	56	111
13	4	69	87	89
14	146	15	84	123
15	54	17	73	21
16	135	38	48	84
17	20	76	24	182
18	135	8	11	138
19	83	9	25	148
20	13	43	53	59
21	68	63	65	178
22	47	54	42	57
23	110	65	36	211
24	46	44	3	161
25	66	41	12	92
26	99	7	52	38
27	110	25	71	147
28	141	20	17	78
29	36	51	82	133
30	85	11	84	107
31	12	3	23	60
32	7	20	54	144
33	12	2	84	112
34	79	18	12	108
35	84	76	23	202
36	107	44	33	186
37	125	22	14	81
38	101	66	4	178
39	102	47	11	57
40	132	54	44	99
41	90	10	64	80
42	14	70	1	219
43	8	62	34	176
44	23	79	8	227
45	14	77	18	93
46	41	15	8	60
47	9	28	24	71
48	43	28	57	62
49	44	49	66	158
50	38	29	18	126
51	141	6	22	19
52	41	4	62	58
53	101	61	9	105
54	33	58	28	151
55	99	78	15	219
56	80	54	17	79
57	64	31	73	132
58	49	33	9	72
59	125	43	14	58
60	29	8	30	39
61	86	73	44	93
62	90	74	83	112
63	106	79	51	114
64	70	30	51	163
65	140	59	15	149
66	137	48	69	61
67	143	69	49	142
68	148	9	13	145
69	39	10	27	138
70	43	78	16	226
71	18	27	54	166
72	56	77	2	122
73	39	10	74	87
74	39	65	89	148
75	147	33	87	80
76	116	79	62	83
77	139	49	12	133
78	9	58	21	136
79	98	33	6	36
80	12	25	17	127
81	97	76	88	113
82	96	43	89	135
83	86	31	40	134
84	137	58	47	86
85	113	1	21	24
86	90	42	70	79
87	9	69	69	142
88	58	69	84	73
89	68	64	40	129
90	23	20	29	31
91	136	47	83	169
92	71	72	29	105
93	110	42	25	143
94	104	42	77	56
95	24	6	26	87
96	63	37	76	70
97	115	61	67	198
98	136	38	57	61
99	5	10	55	137
100	80	12	61	104
