Pid	Burst	Arr	Pri	Deadline

1	148	43	56	181
2	39	41	18	78
3	94	13	58	163
4	8	1	67	16
5	37	42	80	78
6	103	43	16	57
7	147	59	16	77
8	145	12	62	56
9	75	46	2	61
10	61	50	52	54
11	7	10	4	24
12	136	37	50	111
13	77	33	49	115
14	115	36	27	49
15	3	5	90	55
16	140	15	63	80
17	20	4	71	84
18	7	45	15	58
19	34	68	18	87
20	132	30	32	140
21	38	3	11	5
22	38	35	36	76
23	41	6	22	36
24	28	44	56	91
25	110	65	28	181
26	60	5	30	99
27	52	57	74	142
28	15	55	74	159
29	110	73	67	122
30	75	34	21	149
31	17	7	47	51
32	118	16	82	93
33	18	37	4	115
34	82	76	43	111
35	33	51	51	98
36	93	23	53	127
37	5	33	33	112
38	131	17	6	164
39	27	6	62	150
40	33	50	32	101
41	55	60	60	98
42	141	36	35	59
43	89	61	31	145
44	111	43	37	60
45	82	35	6	149
46	136	79	72	143
47	84	74	79	92
48	87	64	30	107
49	98	22	80	110
50	2	51	12	142
51	101	38	76	151
52	57	9	70	49
53	105	49	3	139
54	69	48	85	102
55	18	62	41	68
56	46	22	18	165
57	91	79	12	172
58	135	55	25	140
59	78	62	9	98
60	23	26	67	153
61	106	78	28	102
62	44	42	77	155
63	138	44	58	77
64	90	25	77	107
65	96	31	16	111
66	4	14	36	148
67	123	49	19	195
68	144	51	24	150
69	78	77	25	199
70	117	28	16	35
71	52	73	61	116
72	72	55	87	124
73	29	64	50	97
74	14	18	38	56
75	31	69	55	145
76	35	58	76	171
77	2	44	16	64
78	5	26	26	134
79	126	28	83	76
80	36	27	48	91
81	82	69	28	216
82	84	6	65	120
83	105	15	61	154
84	129	43	71	75
85	18	43	82	117
86	57	65	24	149
87	147	5	63	89
88	116	22	20	121
89	118	28	6	131
90	14	10	59	128
91	150	27	8	156
92	127	3	70	50
93	44	27	30	29
94	92	39	78	127
95	142	39	74	48
96	122	24	78	165
97	71	42	64	178
98	136	30	35	67
99	22	75	45	224
100	121	3	75	69
101	39	73	90	105
102	73	46	52	110
103	28	63	43	213
104	67	32	12	169
105	36	74	3	147
106	98	23	79	143
107	139	28	20	39
108	102	20	9	62
109	31	61	14	164
110	106	14	69	147
111	91	13	34	20
112	124	58	15	119
113	112	24	43	84
114	46	17	21	103
115	116	29	89	96
116	13	64	49	159
117	74	29	70	110
118	28	78	25	98
119	60	25	26	110
120	126	2	25	141
121	41	69	78	207
122	119	33	65	118
123	77	63	53	204
124	99	27	48	101
125	146	22	64	97
126	58	37	64	56
127	71	51	43	97
128	143	47	64	132
129	125	49	42	142
130	13	79	19	221
131	71	41	4	112
132	44	58	25	98
133	61	27	84	145
134	70	46	76	186
135	130	34	87	58
136	86	51	78	163
137	6	11	47	81
138	29	49	61	148
139	68	53	79	165
140	17	22	53	100
141	115	6	37	92
142	27	30	38	37
143	72	6	90	14
144	86	24	89	167
145	120	33	33	181
146	12	57	6	136
147	119	18	2	56
148	81	35	17	132
149	114	47	3	187
150	45	69	18	186
151	125	61	26	174
152	19	50	15	188
153	23	45	46	131
154	94	18	66	132
155	97	9	31	89
156	105	2	86	70
157	32	20	28	96
158	119	19	4	113
159	136	51	86	55
160	15	57	52	146
161	131	19	84	145
162	109	79	59	187
163	148	4	67	107
164	8	74	72	113
165	22	77	77	119
166	38	26	15	49
167	131	12	19	59
168	56	36	15	124
169	98	1	33	109
170	50	26	5	126
171	142	77	44	227
172	117	19	38	59
173	56	37	21	182
174	66	13	77	59
175	111	71	54	139
176	66	24	5	89
177	89	37	53	175
178	120	52	27	163
179	44	49	20	111
180	117	64	33	86
181	5	34	76	156
182	4	63	39	178
183	81	44	24	92
184	91	68	23	97
185	57	25	69	51
186	77	25	77	145
187	149	76	23	191
188	47	67	68	171
189	70	31	37	156
190	38	76	51	96
191	9	22	68	24
192	13	55	60	176
193	20	33	27	181
194	57	73	20	128
195	32	11	19	142
196	89	3	24	63
197	10	63	4	162
198	59	76	51	144
199	99	12	39	25
200	123	46	13	188
