Pid	Burst	Arr	Pri	Deadline

1	116	19	55	34
2	84	78	69	156
3	124	74	82	144
4	122	72	44	193
5	72	3	21	124
6	20	66	72	140
7	42	15	11	161
8	24	68	41	208
9	24	16	26	123
10	68	63	27	104
11	26	1	80	50
12	51	68	12	190
13	89	34	84	44
14	71	20	76	132
15	36	59	78	170
16	61	35	2	120
17	137	10	3	64
18	83	71	35	179
19	76	4	89	32
20	131	58	51	179
21	93	11	10	24
22	63	11	27	109
23	43	64	58	167
24	25	21	29	32
25	19	66	35	167
26	112	70	21	108
27	16	43	87	91
28	50	16	48	60
29	113	28	18	53
30	66	32	84	140
31	19	68	53	112
32	43	58	84	171
33	134	60	33	156
34	80	63	35	211
35	145	5	7	101
36	70	31	79	116
37	66	18	49	149
38	80	50	29	51
39	18	66	14	178
40	3	51	44	90
41	19	20	74	170
42	113	7	27	114
43	70	28	83	70
44	110	26	66	51
45	39	59	5	80
46	20	27	43	64
47	97	50	58	150
48	16	68	48	102
49	11	56	64	179
50	92	52	71	115
51	77	39	6	75
52	28	31	52	149
53	19	51	70	89
54	13	45	67	155
55	129	36	81	181
56	149	39	20	48
57	22	44	3	59
58	97	33	9	108
59	98	74	21	101
60	17	72	46	107
61	142	53	35	58
62	99	3	76	81
63	28	21	34	99
64	27	8	18	108
65	120	62	84	128
66	33	65	42	97
67	128	34	88	179
68	28	76	51	95
69	90	70	45	109
70	109	34	48	73
71	19	74	26	119
72	147	36	24	152
73	25	73	53	182
74	3	3	12	35
75	126	32	86	87
76	6	64	14	159
77	115	10	5	84
78	42	66	22	178
79	146	47	89	190
80	134	55	48	116
81	113	59	79	76
82	15	47	18	89
83	61	61	37	127
84	134	34	3	184
85	23	67	73	183
86	103	74	48	172
87	117	29	22	129
88	89	59	40	162
89	42	71	89	179
90	141	44	21	147
91	44	17	11	44
92	22	12	26	57
93	131	31	2	166
94	138	56	53	160
95	78	1	16	70
96	127	23	51	93
97	45	68	87	155
98	110	78	62	81
99	28	24	21	74
100	144	10	26	36
101	60	5	41	53
102	150	70	31	147
103	120	39	25	188
104	123	62	8	131
105	109	55	28	123
106	28	37	70	92
107	10	34	36	89
108	59	8	12	127
109	12	6	16	17
110	38	76	79	136
111	76	6	20	106
112	51	30	18	39
113	75	71	46	173
114	73	27	89	161
115	98	54	60	112
116	19	77	18	159
117	115	76	54	79
118	63	24	54	64
119	115	32	19	47
120	1	45	75	121
121	133	22	19	129
122	98	74	83	171
123	5	76	87	151
124	3	5	36	123
125	129	45	90	138
126	32	70	42	119
127	57	26	85	83
128	27	68	34	129
129	91	44	18	135
130	1	16	29	73
131	143	64	11	210
132	129	15	83	122
133	88	4	19	26
134	118	40	40	116
135	51	51	72	180
136	125	14	70	132
137	30	55	88	137
138	20	40	79	52
139	43	66	7	87
140	111	16	59	64
141	4	46	61	69
142	60	46	38	156
143	126	76	20	78
144	49	59	29	189
145	39	63	61	173
146	126	34	32	52
147	24	69	90	203
148	51	72	83	178
149	96	13	1	18
150	145	69	76	91
151	11	31	76	142
152	138	67	30	93
153	24	23	16	172
154	55	76	68	206
155	38	60	53	200
156	124	7	88	128
157	53	58	27	157
158	109	9	53	129
159	98	10	72	147
160	43	20	73	138
161	26	60	18	192
162	110	65	22	114
163	91	48	9	164
164	73	29	18	56
165	17	31	36	156
166	107	52	56	159
167	147	70	3	161
168	101	14	89	140
169	56	19	47	86
170	63	19	56	22
171	96	25	51	95
172	143	20	7	29
173	74	35	73	65
174	23	75	8	146
175	106	13	71	69
176	137	22	83	117
177	99	20	71	31
178	61	61	13	67
179	31	62	75	85
180	145	53	23	121
181	46	2	89	122
182	44	57	70	108
183	69	78	38	133
184	125	3	81	76
185	30	6	83	96
186	141	76	27	98
187	82	76	6	204
188	46	49	45	193
189	146	3	45	94
190	34	79	43	181
191	59	10	28	43
192	139	79	16	149
193	72	59	32	121
194	87	23	15	42
195	83	20	26	149
196	63	30	84	140
197	90	43	72	166
198	144	38	14	142
199	43	77	39	160
200	141	36	2	150
201	135	57	48	129
202	23	65	82	170
203	148	16	15	76
204	33	34	11	156
205	98	41	86	184
206	15	76	29	185
207	102	62	71	206
208	134	67	18	185
209	59	49	1	182
210	50	49	50	97
211	121	77	9	132
212	34	69	57	102
213	3	45	47	115
214	143	73	28	219
215	13	25	79	171
216	65	33	46	58
217	136	54	38	90
218	90	36	75	148
219	22	33	16	140
220	124	22	71	51
221	116	63	38	73
222	94	6	65	15
223	147	1	56	62
224	95	35	86	115
225	79	15	47	33
226	43	47	1	111
227	46	11	43	82
228	140	12	9	117
229	132	10	76	86
230	125	48	76	169
231	116	42	84	102
232	112	27	50	119
233	117	64	11	73
234	59	66	64	170
235	86	66	84	193
236	61	63	43	105
237	122	57	49	153
238	69	7	89	42
239	45	9	86	67
240	24	18	29	158
241	95	23	28	26
242	101	30	46	118
243	69	25	35	154
244	55	14	42	41
245	97	12	84	27
246	146	10	41	102
247	43	16	81	134
248	35	66	17	195
249	11	64	41	77
250	29	65	41	162
251	19	63	67	188
252	15	38	53	51
253	40	30	80	118
254	68	74	21	87
255	28	14	10	77
256	82	34	63	127
257	144	78	15	100
258	61	25	50	156
259	23	39	8	129
260	96	62	12	99
261	136	3	64	109
262	15	15	88	57
263	88	64	66	83
264	39	34	73	67
265	74	64	16	100
266	126	8	69	59
267	75	3	80	23
268	37	20	19	43
269	128	79	90	221
270	38	28	55	153
271	47	62	16	148
272	91	31	80	97
273	77	10	41	115
274	54	2	65	131
275	146	72	80	105
276	90	47	47	114
277	142	14	28	95
278	34	12	18	92
279	135	76	45	203
280	112	78	72	117
281	113	52	75	68
282	115	66	16	176
283	146	42	44	127
284	103	41	62	187
285	135	9	77	27
286	5	19	30	158
287	36	1	17	50
288	2	12	79	126
289	4	29	1	147
290	81	44	17	120
291	74	72	63	150
292	22	43	74	102
293	76	37	76	118
294	85	46	1	68
295	43	66	10	110
296	97	45	89	145
297	91	34	7	108
298	67	46	51	88
299	68	45	60	186
300	78	72	19	76
301	146	32	76	112
302	3	40	33	85
303	93	34	50	74
304	32	66	41	189
305	91	36	68	95
306	55	63	11	87
307	13	53	44	195
308	66	14	17	127
309	89	51	72	142
310	138	1	68	133
311	17	20	73	69
312	29	48	43	167
313	123	62	57	141
314	121	26	42	159
315	150	29	27	146
316	79	2	79	19
317	7	69	70	213
318	117	34	87	168
319	79	10	84	117
320	115	13	67	100
321	77	8	37	55
322	136	35	22	171
323	34	16	12	129
324	82	64	61	152
325	104	63	13	134
326	40	3	84	24
327	11	29	29	154
328	44	13	53	35
329	113	15	90	165
330	98	30	45	63
331	112	7	85	51
332	71	76	63	100
333	19	8	34	119
334	129	4	11	143
335	87	72	15	104
336	118	68	23	148
337	57	79	72	135
338	125	8	58	95
339	6	76	2	152
340	62	10	40	142
341	131	64	54	173
342	144	16	29	148
343	87	66	74	120
344	41	18	66	167
345	140	12	46	127
346	132	21	43	159
347	80	28	25	71
348	99	40	84	172
349	9	10	22	64
350	95	58	5	89
351	107	23	17	171
352	16	32	18	37
353	38	13	81	84
354	99	24	20	52
355	60	33	10	94
356	40	73	72	173
357	64	48	85	109
358	127	69	31	153
359	39	30	43	136
360	150	44	81	133
361	85	14	70	47
362	110	27	22	46
363	147	71	19	160
364	78	40	38	181
365	9	5	81	140
366	84	54	90	78
367	22	69	40	143
368	86	48	42	68
369	76	47	15	82
370	94	4	16	146
371	149	6	50	82
372	108	55	58	171
373	14	45	32	194
374	114	40	44	77
375	27	45	80	157
376	96	49	42	71
377	96	69	48	160
378	105	27	23	130
379	149	20	80	28
380	135	27	55	175
381	20	67	48	200
382	49	64	11	140
383	76	46	59	68
384	8	38	65	141
385	109	10	6	74
386	69	6	8	125
387	45	41	58	71
388	97	22	27	138
389	129	1	90	29
390	98	1	5	24
391	106	61	36	174
392	65	76	28	151
393	98	33	40	49
394	44	55	6	143
395	7	31	87	36
396	114	32	52	124
397	22	30	81	51
398	44	39	65	91
399	20	65	14	201
400	34	24	90	155
