Pid	Burst	Arr	Pri	Deadline

1	10	17	51	23
2	137	6	55	60
3	117	18	48	114
4	47	70	51	154
5	35	10	52	143
6	143	42	67	60
7	107	10	9	35
8	122	53	51	86
9	50	19	69	107
10	81	78	73	177
11	65	74	44	87
12	32	12	66	130
13	144	51	63	89
14	115	28	56	100
15	44	68	58	83
16	131	63	10	145
17	125	48	41	103
18	124	47	64	86
19	44	31	51	158
20	133	15	86	141
21	68	70	44	154
22	111	43	87	47
23	18	42	71	190
24	146	79	71	199
25	59	2	16	34
26	13	30	2	138
27	28	17	16	27
28	123	62	68	102
29	83	3	85	98
30	125	68	8	112
31	37	16	33	48
32	141	48	53	149
33	123	18	5	55
34	11	55	54	93
35	132	65	40	169
36	63	43	15	90
37	141	29	21	46
38	53	11	30	100
39	112	32	23	135
40	74	11	15	57
41	105	32	14	148
42	47	67	85	95
43	59	60	42	83
44	94	65	70	149
45	49	57	40	158
46	102	38	62	102
47	62	5	68	42
48	38	37	14	82
49	63	78	2	89
50	145	18	68	71
51	74	52	8	69
52	149	27	3	126
53	60	9	80	21
54	65	10	37	136
55	6	66	35	161
56	19	14	79	95
57	67	11	1	72
58	120	40	76	83
59	101	77	59	78
60	143	30	10	82
61	65	59	85	90
62	93	1	6	99
63	36	23	12	78
64	72	57	67	195
65	34	12	10	67
66	60	67	7	77
67	9	39	3	40
68	20	60	75	196
69	114	60	46	168
70	10	35	25	132
71	45	43	1	159
72	132	10	35	78
73	119	41	32	69
74	121	19	7	51
75	28	67	84	166
76	12	41	25	68
77	9	65	14	135
78	23	21	46	89
79	140	38	85	159
80	8	56	38	182
81	96	17	85	135
82	130	68	89	127
83	144	13	7	70
84	22	6	24	36
85	93	72	61	187
86	59	4	24	52
87	137	52	70	196
88	62	49	81	108
89	19	35	56	85
90	119	76	48	188
91	61	69	79	203
92	9	58	36	159
93	122	35	35	117
94	82	13	31	81
95	121	44	83	76
96	110	62	30	190
97	11	16	27	146
98	93	5	1	8
99	51	67	39	126
100	66	11	1	101
101	19	34	21	37
102	26	42	32	90
103	106	70	79	135
104	21	20	64	104
105	86	18	33	47
106	57	24	83	33
107	118	71	30	104
108	126	40	62	87
109	57	28	79	162
110	148	34	61	39
111	58	8	69	139
112	80	13	4	29
113	85	51	66	94
114	134	19	21	120
115	51	22	14	48
116	102	65	42	73
117	51	65	22	165
118	146	40	14	93
119	33	44	85	156
120	137	7	59	78
121	77	38	75	99
122	54	21	3	125
123	137	51	1	139
124	105	44	88	49
125	78	26	15	99
126	62	79	28	225
127	34	33	70	53
128	64	66	53	206
129	64	6	42	123
130	72	4	62	115
131	14	78	78	196
132	58	77	55	213
133	137	35	58	84
134	140	8	66	31
135	99	51	43	63
136	97	72	53	134
137	93	43	88	110
138	123	59	27	195
139	52	60	6	170
140	73	40	5	99
141	112	61	69	162
142	41	33	34	74
143	65	72	22	135
144	4	33	34	181
145	62	39	64	73
146	149	24	72	75
147	20	16	62	108
148	60	62	82	83
149	111	54	53	55
150	21	55	41	140
151	115	52	88	72
152	150	56	18	117
153	24	50	87	72
154	125	27	64	171
155	150	25	47	84
156	92	25	19	130
157	52	73	67	145
158	51	25	29	40
159	93	77	35	169
160	78	17	85	118
161	86	23	25	83
162	124	7	53	130
163	137	75	61	153
164	129	24	54	106
165	65	26	56	141
166	40	79	10	211
167	71	60	36	208
168	19	33	1	39
169	86	71	6	130
170	74	33	53	93
171	111	47	10	188
172	77	61	42	202
173	63	27	46	129
174	142	31	76	93
175	52	28	82	150
176	94	16	37	45
177	38	68	49	81
178	114	78	5	152
179	85	57	64	68
180	38	22	1	25
181	66	16	66	73
182	92	1	29	46
183	3	20	46	116
184	93	63	64	193
185	86	7	14	56
186	84	9	84	27
187	31	22	20	143
188	26	53	33	144
189	140	46	79	128
190	21	60	58	83
191	148	35	21	177
192	88	31	23	106
193	60	1	34	144
194	84	64	63	81
195	38	19	77	134
196	124	43	47	59
197	40	51	67	111
198	22	66	75	137
199	69	39	33	97
200	50	75	43	184
201	53	49	64	186
202	56	30	25	175
203	109	49	49	184
204	103	24	30	166
205	70	46	52	189
206	23	32	25	176
207	92	29	51	72
208	66	49	54	167
209	92	79	66	129
210	24	26	74	158
211	2	77	78	181
212	67	67	6	105
213	66	33	90	174
214	136	3	74	132
215	125	31	81	71
216	21	18	90	32
217	32	23	3	78
218	27	57	29	85
219	11	39	64	168
220	77	7	17	149
221	79	60	42	176
222	144	39	4	60
223	5	62	22	87
224	142	67	60	142
225	138	30	62	96
226	11	65	85	138
227	29	53	21	158
228	58	22	67	60
229	67	6	85	118
230	147	44	12	45
231	66	74	47	183
232	16	15	63	70
233	122	66	22	100
234	85	1	16	115
235	96	46	8	102
236	125	7	3	48
237	98	19	55	165
238	99	63	48	77
239	83	73	32	172
240	93	11	25	76
241	120	34	8	141
242	145	39	32	129
243	112	74	55	160
244	7	47	29	53
245	39	22	61	159
246	20	39	53	142
247	73	48	43	63
248	132	29	11	33
249	37	41	20	72
250	34	23	31	168
251	21	73	80	152
252	6	42	24	138
253	92	58	83	72
254	85	6	48	13
255	60	49	74	143
256	80	51	37	70
257	86	62	49	181
258	38	55	15	165
259	88	75	1	220
260	6	52	31	202
261	62	38	13	184
262	111	12	25	32
263	5	6	15	142
264	135	7	64	78
265	68	70	31	77
266	123	25	87	85
267	102	64	85	73
268	132	68	68	111
269	121	38	31	119
270	55	61	2	120
271	76	59	45	119
272	29	1	2	98
273	100	66	13	139
274	130	21	34	154
275	27	4	21	65
276	36	36	65	42
277	122	47	86	74
278	141	42	85	108
279	6	60	58	94
280	79	43	62	71
281	135	38	32	54
282	105	39	28	73
283	25	28	64	89
284	91	8	28	122
285	95	59	12	196
286	95	73	83	75
287	59	59	65	196
288	92	9	45	138
289	103	74	24	183
290	5	32	14	62
291	136	13	22	141
292	39	57	31	190
293	116	20	29	132
294	63	55	53	176
295	106	17	18	117
296	18	8	48	30
297	143	44	10	192
298	16	29	79	30
299	114	41	38	43
300	132	17	66	115
301	5	41	59	160
302	129	26	89	163
303	123	60	86	200
304	23	10	71	26
305	37	48	35	153
306	117	65	37	198
307	114	22	36	117
308	7	58	4	121
309	128	51	31	59
310	30	27	24	29
311	21	66	81	109
312	45	29	20	163
313	42	73	28	134
314	68	73	13	104
315	130	3	58	41
316	51	42	62	122
317	129	39	28	47
318	105	19	9	144
319	16	23	9	135
320	51	38	65	183
321	104	74	85	96
322	80	25	74	136
323	128	42	89	71
324	56	28	48	114
325	84	75	64	165
326	132	29	4	176
327	55	20	48	27
328	62	52	61	68
329	38	64	89	181
330	7	42	78	177
331	127	49	65	81
332	29	35	19	49
333	21	62	73	64
334	18	43	50	167
335	50	41	10	152
336	111	30	58	179
337	139	52	55	198
338	60	61	62	97
339	71	33	59	133
340	19	9	53	100
341	53	33	84	155
342	133	29	65	61
343	102	78	45	140
344	60	53	82	102
345	90	61	36	112
346	72	79	78	222
347	124	46	24	90
348	46	36	75	134
349	73	27	69	83
350	73	69	49	93
351	41	22	47	122
352	59	42	20	92
353	77	24	10	74
354	75	29	72	129
355	146	78	76	119
356	43	63	49	80
357	111	43	4	76
358	24	11	78	75
359	99	37	65	44
360	147	76	26	149
361	115	43	62	135
362	45	40	11	80
363	2	18	21	114
364	17	26	53	154
365	27	38	62	88
366	100	64	45	113
367	68	35	55	99
368	50	61	8	75
369	69	51	75	165
370	126	67	3	97
371	133	9	35	61
372	53	72	51	204
373	75	23	83	99
374	63	46	56	78
375	33	13	57	95
376	145	12	87	75
377	95	26	56	148
378	51	8	61	93
379	65	16	16	36
380	16	49	1	191
381	110	51	90	125
382	134	47	46	63
383	127	78	7	199
384	136	35	86	167
385	149	50	5	99
386	93	12	73	20
387	85	43	57	45
388	86	76	16	121
389	63	66	81	113
390	61	11	2	101
391	129	60	90	76
392	56	57	87	111
393	60	7	64	9
394	111	32	1	77
395	6	23	8	167
396	67	52	30	84
397	111	74	78	96
398	137	62	21	178
399	3	71	71	181
400	119	2	35	82
401	83	73	51	116
402	106	57	19	70
403	32	48	28	49
404	33	19	2	162
405	9	12	66	158
406	103	31	43	137
407	150	74	27	94
408	22	74	69	178
409	1	46	78	54
410	124	52	81	110
411	122	70	80	74
412	127	28	78	66
413	53	22	3	27
414	41	56	12	148
415	89	12	73	25
416	62	6	48	120
417	94	33	62	152
418	101	79	18	203
419	121	40	89	190
420	79	13	67	46
421	40	74	90	206
422	67	3	14	8
423	131	73	69	167
424	99	46	88	140
425	2	58	32	62
426	72	74	8	116
427	78	46	3	105
428	82	79	31	102
429	99	33	5	48
430	85	51	72	168
431	117	60	61	177
432	76	12	22	141
433	48	71	73	92
434	117	33	32	129
435	17	43	34	44
436	35	41	83	175
437	78	14	28	78
438	110	69	61	198
439	59	20	27	56
440	110	43	15	102
441	34	79	19	229
442	8	34	5	110
443	98	56	46	189
444	147	33	18	159
445	79	55	40	94
446	136	16	69	112
447	62	8	3	81
448	23	62	63	118
449	95	27	77	31
450	54	63	72	117
451	6	7	6	61
452	57	22	89	60
453	21	31	76	89
454	91	77	55	131
455	110	73	36	206
456	36	56	60	89
457	72	5	88	131
458	52	49	51	106
459	126	13	50	97
460	122	47	31	189
461	62	9	50	11
462	143	25	56	128
463	93	71	85	200
464	143	72	3	136
465	24	11	61	138
466	69	51	3	147
467	38	17	29	26
468	136	49	83	96
469	97	42	40	132
470	9	32	42	134
471	140	33	42	67
472	103	14	89	141
473	43	78	73	91
474	12	72	18	174
475	133	68	42	88
476	38	74	58	208
477	119	42	5	170
478	26	19	41	34
479	95	11	10	59
480	57	3	16	4
481	90	1	74	4
482	117	43	74	45
483	9	9	21	55
484	81	10	52	60
485	108	6	87	139
486	72	74	80	142
487	20	26	85	154
488	149	17	38	157
489	22	28	83	166
490	14	65	41	139
491	113	17	82	61
492	102	77	55	188
493	8	3	55	134
494	131	33	49	85
495	95	76	89	221
496	7	5	75	33
497	49	44	67	158
498	26	5	59	144
499	123	45	54	171
500	114	40	86	162
501	150	14	4	46
502	78	76	53	150
503	19	19	8	96
504	18	49	6	115
505	34	1	81	61
506	81	35	18	88
507	31	69	80	214
508	110	65	48	76
509	147	60	42	134
510	125	44	87	89
511	136	6	53	9
512	122	46	1	51
513	1	20	4	102
514	122	25	66	28
515	45	20	87	76
516	32	59	28	139
517	86	67	25	179
518	86	23	88	94
519	121	24	74	116
520	107	64	28	172
521	146	7	31	27
522	126	10	14	83
523	45	59	30	188
524	135	47	50	169
525	58	15	24	159
526	19	64	56	105
527	123	27	42	158
528	36	21	28	105
529	145	47	13	69
530	108	61	4	115
531	147	37	62	70
532	23	30	56	162
533	58	76	57	204
534	84	3	19	59
535	83	70	66	91
536	83	78	44	207
537	105	54	1	168
538	133	69	48	100
539	21	20	25	115
540	144	55	77	158
541	61	41	21	185
542	147	70	71	150
543	52	37	70	74
544	63	39	37	57
545	62	50	33	94
546	17	57	6	146
547	105	44	4	142
548	109	9	73	80
549	16	63	64	76
550	85	73	32	111
551	52	44	36	158
552	47	60	33	168
553	63	45	53	124
554	69	1	78	24
555	19	27	53	56
556	114	31	40	160
557	59	29	21	74
558	131	3	52	87
559	76	51	17	173
560	54	11	41	127
561	99	72	75	141
562	112	37	84	69
563	66	63	61	144
564	42	4	59	6
565	126	45	68	53
566	85	39	61	102
567	40	27	86	120
568	73	48	59	69
569	1	3	81	116
570	118	31	16	116
571	51	48	75	192
572	69	13	85	110
573	128	77	74	140
574	23	17	27	79
575	136	52	87	110
576	28	39	70	120
577	21	1	43	139
578	6	42	64	150
579	96	67	42	81
580	66	61	72	105
581	142	79	8	93
582	62	22	37	69
583	145	54	36	129
584	49	79	5	148
585	6	43	78	54
586	88	55	89	88
587	22	5	9	93
588	119	68	71	178
589	127	57	55	95
590	21	28	46	95
591	138	78	21	115
592	27	31	37	116
593	93	52	57	83
594	97	65	55	86
595	138	67	18	174
596	127	36	88	41
597	127	61	13	110
598	98	67	55	152
599	123	40	83	91
600	2	24	7	171
