Pid	Burst	Arr	Pri	Deadline

1	136	28	67	86
2	85	8	59	137
3	71	21	25	123
4	38	70	54	212
5	59	54	28	153
6	148	37	4	177
7	107	1	85	119
8	29	71	12	85
9	29	73	41	88
10	62	72	23	205
11	114	48	16	101
12	29	76	44	215
13	146	59	19	202
14	70	57	65	136
15	21	59	8	160
16	120	76	84	224
17	118	11	42	41
18	49	75	4	87
19	95	1	34	27
20	79	4	74	78
21	4	34	59	108
22	137	31	24	90
23	53	4	70	78
24	42	20	71	29
25	111	22	30	84
26	41	38	13	75
27	51	52	2	83
28	100	13	75	116
29	32	5	78	23
30	127	43	8	72
31	86	75	13	202
32	12	28	7	52
33	59	3	85	4
34	129	29	8	111
35	150	58	52	59
36	128	15	43	76
37	40	34	10	50
38	115	34	37	84
39	94	25	48	32
40	25	58	61	194
41	91	15	46	136
42	76	5	22	80
43	76	58	15	163
44	33	17	16	90
45	64	79	20	107
46	4	68	10	166
47	88	2	36	115
48	21	68	90	81
49	53	46	14	76
50	112	30	37	119
51	2	10	13	45
52	62	49	9	174
53	7	62	85	72
54	38	34	39	159
55	90	72	79	85
56	50	58	25	62
57	25	11	34	49
58	95	72	36	220
59	22	68	2	204
60	30	42	80	130
61	142	51	7	80
62	99	29	55	68
63	120	56	51	127
64	83	6	7	113
65	135	22	54	153
66	101	35	60	59
67	91	27	61	49
68	55	2	11	48
69	138	32	66	119
70	114	45	57	128
71	126	74	86	132
72	105	73	67	214
73	93	14	31	109
74	133	51	20	176
75	114	71	48	141
76	3	23	78	163
77	66	68	8	98
78	75	66	74	168
79	132	19	32	106
80	2	43	17	137
81	141	47	30	72
82	2	78	81	95
83	92	52	26	198
84	109	14	15	39
85	148	25	24	149
86	18	75	38	127
87	38	19	70	58
88	120	50	13	160
89	117	8	67	28
90	135	32	36	108
91	139	39	71	136
92	28	63	1	140
93	122	62	73	103
94	143	1	2	31
95	72	38	60	79
96	149	52	22	69
97	128	22	37	134
98	77	18	30	83
99	49	47	71	124
100	19	36	55	78
101	109	20	53	23
102	40	71	54	182
103	57	68	1	175
104	57	77	33	111
105	42	57	56	77
106	35	52	46	187
107	146	14	61	81
108	82	65	48	157
109	76	18	65	134
110	18	3	46	77
111	81	53	22	191
112	83	70	73	96
113	17	67	76	170
114	106	43	27	145
115	131	76	10	190
116	67	15	56	157
117	119	52	77	188
118	79	55	51	65
119	63	30	49	77
120	49	28	72	93
121	91	54	77	100
122	4	23	49	157
123	55	37	8	158
124	47	9	82	24
125	54	3	82	135
126	55	25	13	44
127	7	56	87	111
128	114	74	90	128
129	11	40	31	54
130	43	30	27	127
131	69	6	59	121
132	148	72	61	175
133	103	70	55	129
134	47	63	69	168
135	120	39	10	122
136	34	72	46	116
137	68	64	87	77
138	139	30	19	88
139	101	52	44	53
140	60	67	73	131
141	140	27	32	116
142	66	75	73	162
143	44	46	79	175
144	134	34	53	138
145	93	9	56	91
146	86	31	71	68
147	105	2	67	68
148	22	12	39	24
149	130	28	62	125
150	3	51	63	149
151	148	69	77	200
152	8	64	84	66
153	79	61	75	76
154	129	6	73	89
155	41	73	81	135
156	81	1	5	61
157	83	61	28	146
158	20	38	63	107
159	42	28	79	129
160	109	3	73	92
161	37	34	65	49
162	14	69	60	123
163	147	33	77	111
164	130	16	69	78
165	117	25	49	63
166	88	72	16	202
167	91	61	12	162
168	143	75	61	104
169	73	1	36	139
170	104	39	33	140
171	144	64	50	187
172	2	1	27	22
173	116	50	28	104
174	117	7	85	116
175	122	57	51	73
176	52	3	44	29
177	48	69	73	71
178	135	39	34	167
179	115	69	63	88
180	50	31	9	99
181	125	1	31	92
182	63	75	11	161
183	22	46	11	119
184	13	17	30	78
185	87	1	32	73
186	70	19	19	106
187	49	77	15	227
188	93	60	67	127
189	42	69	89	174
190	143	78	62	93
191	121	32	79	166
192	141	46	6	123
193	104	38	28	114
194	123	42	4	115
195	51	79	42	223
196	62	3	52	8
197	77	17	71	139
198	81	65	68	117
199	47	35	87	124
200	118	41	15	165
201	90	52	11	166
202	13	47	66	162
203	83	57	40	103
204	147	12	80	138
205	96	43	67	69
206	13	30	9	141
207	113	53	49	186
208	148	18	76	157
209	29	37	42	130
210	121	63	80	116
211	146	22	8	66
212	44	39	41	178
213	109	62	15	183
214	104	30	43	97
215	12	28	79	37
216	48	71	28	199
217	13	51	71	184
218	40	46	57	81
219	50	5	10	99
220	82	76	22	117
221	21	35	33	160
222	43	49	33	155
223	128	26	84	103
224	98	12	55	24
225	66	14	46	119
226	56	60	41	67
227	67	68	32	216
228	122	54	8	197
229	133	77	79	154
230	100	27	32	156
231	55	20	26	22
232	112	35	65	62
233	136	38	71	131
234	143	55	69	114
235	93	50	48	166
236	138	32	70	152
237	50	10	47	159
238	40	69	7	163
239	125	23	27	110
240	43	39	45	119
241	72	42	22	158
242	68	35	54	97
243	77	55	20	119
244	29	69	63	147
245	19	17	68	127
246	111	76	24	161
247	38	25	43	157
248	65	11	32	49
249	135	63	34	167
250	59	46	46	181
251	112	48	78	90
252	85	41	21	144
253	113	51	25	124
254	4	50	60	91
255	21	35	74	172
256	23	21	55	28
257	22	41	51	173
258	60	70	49	92
259	122	79	3	135
260	100	77	61	192
261	81	63	29	147
262	146	36	26	52
263	84	53	85	159
264	136	77	15	136
265	60	70	11	189
266	2	79	72	104
267	26	58	42	184
268	90	79	82	99
269	20	68	6	83
270	130	78	23	193
271	84	51	10	121
272	117	32	68	110
273	110	77	76	90
274	128	24	29	28
275	94	14	1	47
276	66	22	14	108
277	3	20	62	54
278	94	55	58	134
279	122	54	28	194
280	53	63	7	128
281	97	56	69	131
282	4	35	40	184
283	40	68	1	75
284	135	62	32	199
285	99	48	21	90
286	131	5	60	108
287	137	2	32	94
288	47	78	58	123
289	75	31	51	161
290	5	51	8	147
291	113	62	13	159
292	147	30	24	125
293	91	52	38	124
294	75	34	16	148
295	79	43	17	70
296	129	75	71	180
297	49	37	46	143
298	143	48	81	154
299	74	19	14	90
300	99	14	37	53
301	94	64	12	135
302	14	38	34	182
303	58	6	20	94
304	55	6	35	11
305	135	52	50	82
306	95	39	7	109
307	65	14	72	27
308	79	67	44	141
309	63	12	84	140
310	6	62	31	125
311	120	9	22	85
312	33	23	21	41
313	128	4	69	76
314	102	50	13	67
315	124	38	51	142
316	95	20	58	79
317	103	6	36	114
318	54	56	42	79
319	47	68	9	199
320	119	10	28	158
321	22	61	9	185
322	132	69	42	77
323	149	26	81	119
324	110	56	83	118
325	113	66	41	134
326	145	79	90	172
327	114	75	14	209
328	72	38	41	132
329	121	9	89	111
330	114	53	19	67
331	33	47	77	91
332	11	29	75	54
333	51	68	2	113
334	68	62	40	94
335	75	18	37	165
336	39	66	30	75
337	50	4	13	69
338	119	41	79	94
339	92	26	67	31
340	147	13	89	60
341	30	18	24	115
342	106	12	8	42
343	99	79	86	216
344	46	74	18	169
345	126	55	10	149
346	30	2	87	26
347	76	4	20	76
348	97	42	81	168
349	130	45	13	182
350	98	31	47	129
351	48	1	54	94
352	13	14	90	152
353	40	4	22	126
354	140	6	17	71
355	124	10	8	132
356	135	79	38	96
357	123	79	55	149
358	23	26	47	97
359	67	65	65	196
360	133	51	88	126
361	4	71	8	214
362	132	27	19	132
363	21	48	69	105
364	106	23	5	102
365	147	33	58	52
366	2	63	51	183
367	69	63	40	166
368	111	77	57	94
369	70	57	61	109
370	19	62	58	101
371	68	26	66	101
372	13	19	63	28
373	1	76	20	79
374	119	58	2	147
375	79	14	11	106
376	93	5	40	69
377	93	2	77	114
378	141	36	82	146
379	64	56	5	133
380	21	54	17	75
381	141	46	83	155
382	90	34	47	52
383	72	27	79	41
384	57	71	47	122
385	90	72	12	204
386	70	33	2	166
387	112	61	21	193
388	116	69	33	176
389	65	78	57	82
390	25	14	74	110
391	55	8	19	21
392	52	39	3	82
393	83	36	24	90
394	40	74	28	127
395	44	62	35	124
396	48	8	18	120
397	15	53	18	145
398	3	17	67	74
399	76	49	61	78
400	37	1	11	120
401	62	21	82	24
402	13	14	85	123
403	59	3	80	109
404	27	74	30	168
405	124	24	57	151
406	31	46	85	152
407	72	4	45	14
408	43	54	8	158
409	103	61	76	177
410	62	35	74	57
411	1	4	60	83
412	31	71	74	127
413	89	72	24	191
414	35	65	36	171
415	126	22	78	40
416	119	70	31	193
417	98	20	80	81
418	39	3	74	42
419	57	2	58	141
420	63	78	37	79
421	51	27	51	112
422	48	26	62	101
423	60	64	62	144
424	6	57	53	62
425	143	66	27	98
426	7	13	70	76
427	15	53	14	130
428	32	56	78	190
429	79	56	30	85
430	146	32	43	88
431	72	42	67	171
432	112	3	5	108
433	33	48	76	87
434	54	60	33	180
435	46	36	47	113
436	57	23	60	61
437	25	23	58	96
438	141	25	90	139
439	68	22	54	52
440	57	40	14	129
441	132	19	7	107
442	127	55	57	129
443	137	17	60	112
444	82	13	12	120
445	41	77	59	161
446	71	23	39	161
447	25	52	69	133
448	74	21	49	129
449	124	30	75	131
450	78	77	24	141
451	60	6	38	147
452	88	38	67	69
453	140	35	16	147
454	38	27	32	90
455	108	66	75	98
456	76	74	49	123
457	12	74	51	163
458	139	52	54	100
459	52	17	39	58
460	5	2	3	146
461	116	20	8	23
462	102	64	27	175
463	130	28	14	83
464	127	71	44	111
465	18	35	9	42
466	32	22	16	157
467	47	78	48	129
468	83	12	15	60
469	38	44	72	85
470	112	18	61	109
471	132	31	56	41
472	30	61	19	161
473	56	33	16	173
474	13	29	34	88
475	107	71	50	162
476	101	28	18	68
477	9	21	80	43
478	59	4	22	44
479	78	78	41	186
480	9	3	57	120
481	130	26	76	168
482	26	56	73	90
483	32	30	86	64
484	71	50	43	129
485	56	17	32	131
486	35	35	86	148
487	24	3	32	87
488	57	71	20	108
489	45	33	50	155
490	38	54	66	123
491	145	58	72	123
492	148	12	45	65
493	129	22	16	35
494	61	62	35	146
495	31	58	39	145
496	77	68	55	189
497	25	11	63	125
498	136	31	32	64
499	82	38	37	117
500	110	5	41	93
501	141	8	63	59
502	21	47	6	150
503	27	23	40	126
504	125	59	14	110
505	70	44	75	100
506	67	21	20	71
507	133	43	39	187
508	31	24	44	46
509	59	51	4	183
510	14	75	24	115
511	16	75	15	117
512	141	1	2	113
513	87	76	9	131
514	106	38	44	178
515	46	33	73	109
516	145	56	29	161
517	55	45	78	114
518	34	6	70	107
519	148	57	22	97
520	125	20	62	81
521	143	16	85	114
522	30	52	19	127
523	6	32	82	182
524	41	43	67	138
525	75	25	5	35
526	117	49	12	66
527	82	65	26	122
528	39	58	49	141
529	81	11	52	121
530	6	62	26	73
531	93	28	63	63
532	89	20	1	85
533	62	19	6	100
534	124	79	67	134
535	41	63	73	195
536	65	52	4	197
537	67	18	66	142
538	117	13	14	124
539	31	10	25	32
540	16	55	18	185
541	23	5	30	53
542	100	20	4	63
543	111	50	54	127
544	48	20	63	36
545	36	69	19	124
546	22	63	37	168
547	70	19	36	156
548	139	57	18	68
549	128	68	50	198
550	36	54	52	103
551	129	9	5	87
552	85	12	33	133
553	127	27	77	78
554	7	54	35	182
555	106	48	54	142
556	46	56	6	80
557	110	58	85	106
558	78	23	66	131
559	22	44	36	150
560	69	77	8	175
561	13	22	28	93
562	1	9	48	115
563	33	24	42	102
564	44	66	3	122
565	26	2	13	7
566	34	6	22	113
567	71	3	55	45
568	131	37	79	180
569	100	16	25	116
570	39	29	85	100
571	74	29	50	147
572	67	11	45	103
573	11	43	36	88
574	80	13	53	163
575	8	58	3	196
576	11	24	62	134
577	20	2	81	60
578	7	20	60	152
579	125	69	69	110
580	34	55	34	151
581	3	29	72	111
582	139	72	74	218
583	111	26	5	147
584	111	64	72	194
585	113	32	68	53
586	9	35	33	168
587	48	2	45	135
588	78	52	19	184
589	138	16	86	142
590	64	45	24	70
591	128	13	47	101
592	26	52	30	92
593	120	73	1	201
594	125	1	12	76
595	117	29	87	125
596	95	44	78	178
597	105	41	12	59
598	95	13	4	137
599	46	38	62	109
600	19	9	43	49
601	89	43	10	158
602	37	67	61	122
603	69	66	31	131
604	34	29	79	69
605	126	71	20	193
606	48	21	5	114
607	95	58	36	73
608	140	41	25	119
609	52	76	35	216
610	106	62	44	138
611	136	40	73	60
612	127	50	29	152
613	104	67	43	120
614	123	78	25	145
615	127	24	14	141
616	39	12	36	102
617	115	8	79	130
618	29	26	78	40
619	22	73	3	222
620	82	2	62	89
621	63	69	19	156
622	46	71	64	93
623	147	78	48	113
624	128	44	87	136
625	77	28	3	133
626	83	9	59	114
627	101	68	5	152
628	46	30	42	41
629	132	47	67	126
630	95	78	63	169
631	40	58	87	75
632	125	19	18	123
633	112	66	88	110
634	84	62	58	149
635	131	3	50	29
636	60	41	36	134
637	53	30	44	177
638	134	59	49	135
639	117	52	2	196
640	22	60	37	193
641	24	64	79	171
642	82	43	73	105
643	32	55	19	198
644	108	58	85	68
645	59	59	29	153
646	135	17	19	119
647	16	18	35	56
648	114	9	50	48
649	96	51	55	78
650	128	68	80	77
651	54	46	31	57
652	55	6	20	119
653	47	27	18	58
654	27	57	64	99
655	41	4	49	60
656	70	60	64	76
657	150	15	42	44
658	79	32	29	164
659	62	7	22	123
660	128	36	40	112
661	43	23	8	92
662	17	79	13	188
663	19	1	44	90
664	45	26	6	71
665	149	73	5	150
666	32	35	81	128
667	54	68	28	151
668	67	25	68	135
669	26	7	50	49
670	57	76	61	203
671	85	62	87	191
672	75	77	15	202
673	123	28	21	32
674	15	28	67	96
675	15	62	53	143
676	93	8	40	28
677	127	11	53	96
678	113	24	2	123
679	81	31	70	88
680	104	7	31	83
681	57	28	49	99
682	46	26	71	138
683	133	18	34	93
684	54	40	26	71
685	57	28	85	47
686	123	41	88	146
687	60	53	41	66
688	104	9	20	20
689	127	53	13	127
690	47	71	65	152
691	17	52	5	175
692	66	54	63	176
693	9	36	72	167
694	97	4	77	10
695	59	2	70	15
696	141	57	53	175
697	132	27	71	107
698	132	77	40	225
699	8	70	30	143
700	117	14	36	140
701	43	64	68	203
702	48	54	46	160
703	43	53	58	87
704	127	23	53	131
705	99	49	60	129
706	122	2	9	33
707	15	62	65	193
708	24	22	38	88
709	87	50	46	184
710	62	26	51	130
711	69	67	9	164
712	104	1	77	105
713	86	78	25	187
714	144	20	12	80
715	116	37	41	176
716	146	33	47	167
717	115	32	19	58
718	17	75	70	160
719	71	20	2	45
720	11	70	60	218
721	85	56	8	134
722	28	19	40	64
723	147	40	33	84
724	81	42	87	88
725	5	7	3	80
726	7	53	37	131
727	74	36	4	120
728	129	10	73	73
729	49	42	43	170
730	39	18	82	105
731	115	32	40	77
732	147	73	30	126
733	102	15	65	25
734	118	71	49	112
735	123	73	4	77
736	129	1	58	28
737	148	29	65	117
738	45	4	24	13
739	132	9	84	40
740	60	11	23	74
741	9	34	12	161
742	91	19	17	134
743	104	20	58	102
744	50	27	41	74
745	49	2	44	96
746	92	23	34	149
747	61	65	28	185
748	4	12	2	24
749	99	16	48	55
750	66	63	64	82
751	99	1	3	149
752	10	67	37	126
753	79	47	54	119
754	139	75	9	124
755	16	7	79	26
756	146	17	90	111
757	55	43	35	65
758	126	1	71	127
759	112	19	33	141
760	9	61	22	148
761	51	11	30	50
762	41	34	19	90
763	14	78	14	139
764	11	78	87	195
765	127	77	79	81
766	82	46	39	89
767	77	70	6	155
768	72	37	21	61
769	33	9	84	83
770	140	44	61	48
771	11	65	64	138
772	12	55	31	95
773	112	65	43	160
774	61	6	78	143
775	23	54	71	200
776	4	77	79	113
777	125	77	49	191
778	136	53	19	101
779	48	35	82	146
780	6	15	90	35
781	93	36	54	39
782	114	60	72	98
783	10	61	26	74
784	7	8	48	139
785	40	13	26	38
786	100	62	4	111
787	51	66	9	174
788	106	15	67	115
789	3	47	73	163
790	145	64	85	68
791	7	61	8	74
792	146	9	45	44
793	76	50	21	127
794	9	16	5	127
795	130	78	38	215
796	94	60	27	156
797	37	46	23	129
798	136	50	19	94
799	59	44	19	98
800	73	35	50	183
