Pid	Burst	Arr	Pri	Deadline

1	106	28	76	85
2	99	16	55	37
3	87	61	30	108
4	133	34	54	120
5	14	78	67	121
6	138	67	70	116
7	71	47	79	180
8	117	2	88	74
9	3	70	8	171
10	128	65	84	129
11	56	11	73	102
12	18	46	78	129
13	18	21	5	78
14	129	26	45	127
15	95	10	54	71
16	78	39	42	171
17	137	55	82	169
18	36	8	27	99
19	51	69	83	137
20	66	61	60	197
21	123	5	42	9
22	39	6	74	140
23	103	76	6	158
24	11	27	63	174
25	141	29	50	107
26	105	25	78	31
27	129	73	73	170
28	12	49	44	86
29	98	18	10	57
30	125	49	14	179
31	134	7	83	151
32	50	33	73	73
33	26	63	27	193
34	92	20	7	143
35	39	38	31	140
36	136	46	78	129
37	30	6	23	63
38	72	16	58	123
39	69	10	10	128
40	81	42	30	148
41	98	8	48	47
42	114	17	33	71
43	35	77	36	97
44	136	21	35	89
45	124	5	86	50
46	77	59	31	106
47	116	29	14	76
48	46	6	54	51
49	53	25	23	93
50	65	3	32	4
51	80	58	81	176
52	73	73	87	119
53	103	30	82	111
54	28	34	67	177
55	98	36	61	81
56	17	63	89	132
57	87	72	9	125
58	120	72	54	122
59	90	19	39	83
60	150	59	12	161
61	116	56	3	199
62	99	48	37	94
63	103	23	30	143
64	24	74	60	86
65	2	37	65	159
66	39	5	13	35
67	93	16	64	108
68	145	52	5	64
69	9	55	26	64
70	90	14	76	56
71	23	39	63	137
72	26	15	80	43
73	32	19	51	142
74	43	5	62	140
75	15	61	46	70
76	3	52	12	116
77	49	42	72	180
78	22	41	89	86
79	26	23	52	75
80	146	59	41	138
81	26	2	81	70
82	3	77	44	94
83	3	74	77	80
84	101	36	1	185
85	78	2	46	101
86	23	79	83	128
87	59	69	62	175
88	137	75	35	140
89	12	64	34	130
90	143	12	44	158
91	68	71	83	89
92	11	5	76	93
93	18	23	66	64
94	119	42	51	121
95	65	8	35	111
96	123	50	47	184
97	107	21	41	121
98	90	58	57	117
99	45	13	77	68
100	123	13	22	55
101	47	51	82	66
102	107	7	55	28
103	115	56	64	143
104	149	22	62	30
105	144	71	77	206
106	5	12	44	113
107	105	23	65	152
108	113	68	20	77
109	75	13	45	44
110	75	28	52	120
111	150	44	58	193
112	20	70	58	84
113	123	46	20	76
114	18	34	10	58
115	16	44	2	75
116	32	62	9	168
117	24	37	47	38
118	137	71	62	207
119	16	76	6	111
120	72	67	70	112
121	8	51	6	128
122	98	79	10	193
123	141	61	84	136
124	122	35	30	82
125	1	17	47	154
126	59	50	25	176
127	9	46	3	178
128	55	12	26	74
129	115	57	71	120
130	8	18	48	68
131	91	2	64	116
132	108	43	70	152
133	25	6	27	90
134	148	32	89	38
135	133	48	70	85
136	35	34	90	183
137	118	1	23	28
138	30	63	38	85
139	64	35	67	57
140	59	14	10	97
141	56	37	16	91
142	49	5	81	36
143	97	53	59	86
144	117	48	2	132
145	8	10	42	99
146	138	76	80	127
147	142	72	12	122
148	93	57	35	108
149	131	59	74	140
150	78	71	81	96
151	116	71	27	153
152	98	19	7	26
153	88	59	35	134
154	118	32	5	142
155	3	9	1	157
156	103	25	48	160
157	47	30	35	154
158	116	1	50	134
159	57	73	34	130
160	148	64	3	149
161	57	12	61	89
162	15	47	6	65
163	88	45	67	85
164	93	78	77	119
165	16	79	44	112
166	120	42	46	120
167	72	28	44	149
168	111	68	86	137
169	8	29	85	51
170	105	55	31	97
171	80	28	44	102
172	120	62	84	99
173	102	23	2	94
174	92	38	51	103
175	19	32	36	161
176	132	33	78	74
177	10	79	63	96
178	26	47	80	54
179	10	20	12	51
180	54	72	60	78
181	25	24	68	43
182	129	4	23	151
183	114	40	28	187
184	110	21	38	43
185	70	67	38	214
186	4	65	85	130
187	142	3	88	100
188	84	52	42	161
189	109	21	7	108
190	61	34	45	58
191	79	44	73	134
192	40	16	43	126
193	13	78	38	94
194	1	22	13	66
195	150	68	20	152
196	96	23	12	77
197	125	44	72	79
198	30	40	81	50
199	142	67	2	98
200	96	1	12	109
201	18	75	25	145
202	112	29	53	140
203	38	1	14	134
204	147	68	88	189
205	56	4	88	142
206	109	55	57	57
207	56	7	32	8
208	116	33	40	166
209	25	12	22	148
210	93	20	88	150
211	69	70	15	136
212	80	2	58	40
213	87	62	55	159
214	116	39	38	60
215	123	6	73	94
216	6	18	10	100
217	18	52	59	64
218	88	12	13	18
219	60	67	3	108
220	113	39	18	88
221	55	8	17	81
222	25	17	33	164
223	76	56	84	138
224	149	77	43	93
225	129	28	27	146
226	150	22	55	133
227	28	61	61	103
228	58	42	22	56
229	134	75	56	83
230	31	32	56	41
231	96	25	52	171
232	95	41	72	166
233	89	23	32	111
234	9	38	40	127
235	114	39	40	60
236	133	4	4	120
237	9	74	86	166
238	102	25	70	72
239	24	40	72	158
240	146	14	85	99
241	45	49	44	154
242	52	61	43	128
243	78	61	79	173
244	144	64	39	118
245	44	36	85	181
246	137	44	3	54
247	138	26	29	62
248	43	41	52	128
249	11	67	41	129
250	20	58	31	207
251	8	57	20	110
252	93	29	76	67
253	144	31	32	161
254	50	44	41	82
255	114	5	13	11
256	144	58	54	62
257	90	5	58	17
258	71	17	70	147
259	68	16	62	27
260	110	2	78	7
261	94	62	7	205
262	59	55	22	77
263	48	13	79	107
264	51	3	29	46
265	8	79	54	209
266	15	61	80	196
267	136	7	77	154
268	82	54	24	79
269	29	73	10	161
270	16	75	71	191
271	109	30	81	91
272	11	59	73	129
273	127	69	12	112
274	23	72	57	80
275	103	30	27	117
276	121	58	73	207
277	49	67	48	183
278	37	32	13	79
279	88	26	47	176
280	52	61	2	89
281	65	9	70	96
282	35	45	57	84
283	123	58	35	203
284	64	33	46	47
285	23	43	31	102
286	31	79	45	99
287	8	17	12	76
288	23	23	78	162
289	69	55	38	158
290	108	64	51	196
291	78	71	67	114
292	57	5	56	84
293	106	61	70	100
294	1	43	20	52
295	9	67	89	150
296	27	7	12	102
297	118	45	17	172
298	74	32	70	33
299	107	34	35	47
300	111	24	23	91
301	137	58	7	98
302	130	75	18	115
303	49	12	33	87
304	76	59	80	154
305	144	35	33	102
306	57	21	37	86
307	20	12	9	143
308	114	42	39	142
309	107	76	11	214
310	70	30	88	50
311	58	77	35	112
312	95	12	70	100
313	35	64	64	208
314	136	50	88	108
315	86	24	68	73
316	112	71	50	139
317	142	40	56	153
318	80	66	13	105
319	134	37	14	167
320	144	22	89	102
321	108	75	13	221
322	145	70	23	150
323	69	14	60	44
324	29	27	89	47
325	19	52	64	151
326	90	35	69	160
327	144	50	74	89
328	118	54	89	182
329	95	56	33	197
330	73	30	62	73
331	68	62	4	158
332	132	64	17	214
333	78	11	90	81
334	118	37	44	50
335	52	28	74	100
336	121	7	49	125
337	66	36	40	77
338	149	61	53	179
339	86	19	3	86
340	81	36	67	96
341	82	27	9	128
342	6	26	84	136
343	72	32	61	126
344	92	17	1	76
345	105	22	69	27
346	6	10	2	101
347	42	12	8	36
348	66	23	45	72
349	93	53	30	54
350	38	35	20	46
351	133	69	44	195
352	22	66	64	192
353	39	70	10	114
354	66	60	14	69
355	88	4	2	59
356	18	76	43	89
357	31	61	73	181
358	18	29	70	81
359	13	34	27	68
360	52	47	31	137
361	95	79	35	141
362	42	22	10	53
363	113	46	25	78
364	18	15	14	116
365	93	27	40	137
366	79	13	72	156
367	87	71	26	111
368	52	1	61	147
369	79	30	79	52
370	134	24	82	172
371	82	18	30	20
372	75	47	42	64
373	83	33	58	96
374	24	36	26	48
375	31	39	13	121
376	121	15	70	64
377	47	22	41	105
378	18	78	20	177
379	10	13	2	97
380	136	62	32	182
381	78	24	2	27
382	22	18	37	70
383	70	49	65	89
384	54	60	28	62
385	102	1	84	22
386	84	63	81	156
387	76	48	48	109
388	27	23	82	29
389	61	31	39	113
390	50	29	73	50
391	145	30	52	78
392	83	29	72	115
393	11	10	16	104
394	100	16	88	94
395	51	39	40	168
396	145	51	15	107
397	85	45	9	81
398	21	61	79	76
399	91	47	85	122
400	21	48	41	132
401	2	44	27	48
402	46	24	81	172
403	31	34	59	60
404	91	45	73	122
405	109	48	15	177
406	94	32	15	118
407	42	6	63	121
408	28	19	18	49
409	90	24	3	62
410	90	75	65	98
411	134	66	10	193
412	127	72	15	157
413	4	22	85	172
414	91	76	25	111
415	122	19	29	169
416	121	18	81	131
417	73	18	30	83
418	29	72	27	136
419	51	14	2	41
420	19	42	14	116
421	15	53	13	61
422	91	78	72	141
423	108	8	54	87
424	91	14	71	27
425	110	12	9	52
426	79	39	5	168
427	2	7	28	79
428	143	29	56	88
429	2	72	28	165
430	127	4	27	89
431	2	1	43	93
432	17	12	67	138
433	98	22	67	48
434	102	43	35	146
435	17	67	85	128
436	34	74	52	109
437	139	43	89	159
438	50	42	42	145
439	6	53	67	127
440	120	41	41	160
441	139	4	84	94
442	88	27	35	33
443	65	73	59	223
444	40	9	87	37
445	30	16	45	95
446	102	76	24	183
447	11	16	83	48
448	34	47	30	69
449	50	8	14	47
450	147	64	44	126
451	128	73	1	142
452	53	79	66	214
453	14	34	85	149
454	38	48	33	97
455	129	70	12	82
456	88	33	26	170
457	79	65	77	140
458	56	12	68	97
459	86	25	33	65
460	147	47	24	57
461	42	33	56	113
462	88	3	90	70
463	53	44	48	184
464	44	32	58	154
465	13	67	69	187
466	126	57	24	118
467	136	12	62	47
468	56	24	6	121
469	66	79	48	82
470	22	18	39	92
471	72	75	34	190
472	113	65	87	191
473	97	31	5	155
474	72	77	4	187
475	106	45	46	108
476	112	2	62	81
477	66	35	74	122
478	50	47	11	168
479	2	52	55	167
480	118	39	90	155
481	9	19	29	152
482	84	16	54	108
483	111	49	34	173
484	81	41	15	188
485	54	46	23	51
486	41	30	35	73
487	22	53	89	193
488	132	30	7	72
489	135	63	84	132
490	21	38	62	169
491	107	57	67	95
492	130	25	56	110
493	48	62	59	202
494	117	49	32	187
495	23	79	29	135
496	41	4	38	30
497	33	42	26	95
498	92	27	86	75
499	121	30	17	32
500	104	48	56	101
501	44	27	34	37
502	40	57	27	120
503	19	12	80	72
504	113	19	25	164
505	94	46	69	81
506	136	15	14	23
507	131	63	70	199
508	94	7	38	46
509	73	11	40	123
510	61	9	76	88
511	24	5	48	43
512	16	29	54	138
513	53	59	45	149
514	20	64	60	214
515	149	8	16	152
516	57	74	85	203
517	108	11	53	81
518	32	79	59	134
519	117	32	62	67
520	110	66	53	130
521	109	23	4	53
522	118	36	81	54
523	63	40	11	159
524	43	12	90	64
525	31	57	62	119
526	13	44	79	76
527	7	57	58	75
528	89	69	22	116
529	49	10	68	78
530	139	62	55	165
531	26	53	3	121
532	144	19	89	43
533	15	4	56	84
534	13	55	43	75
535	17	46	37	151
536	141	66	83	158
537	6	40	9	86
538	88	71	88	184
539	143	68	22	204
540	144	49	2	110
541	94	7	72	113
542	54	68	87	138
543	85	68	17	195
544	135	21	68	162
545	61	11	36	61
546	124	11	72	29
547	108	27	33	128
548	96	56	3	147
549	14	72	69	139
550	59	33	39	176
551	90	43	52	170
552	93	53	57	108
553	119	58	74	202
554	41	52	41	200
555	11	55	31	64
556	31	64	31	109
557	69	38	81	165
558	126	65	52	182
559	15	15	3	25
560	33	5	34	59
561	15	60	9	115
562	34	76	15	173
563	77	41	7	148
564	69	74	31	113
565	8	29	16	64
566	64	51	61	130
567	33	54	50	119
568	106	40	50	62
569	70	74	39	80
570	130	33	34	89
571	89	35	12	94
572	16	69	38	92
573	130	20	49	63
574	103	27	83	162
575	7	32	11	46
576	65	12	58	48
577	141	15	63	135
578	50	73	85	211
579	105	10	8	33
580	54	13	37	46
581	59	1	38	12
582	67	26	17	151
583	64	11	48	41
584	20	36	35	98
585	42	28	61	119
586	57	44	40	56
587	96	75	26	225
588	122	46	84	77
589	41	21	33	128
590	113	70	81	96
591	39	65	85	175
592	45	13	51	100
593	80	6	49	143
594	59	76	20	132
595	136	38	17	47
596	120	48	69	59
597	101	3	19	118
598	23	48	80	109
599	122	65	20	133
600	117	23	86	121
601	44	35	24	137
602	95	56	59	136
603	71	49	58	142
604	56	12	13	70
605	62	12	23	148
606	24	56	68	201
607	10	48	25	76
608	110	62	35	65
609	56	50	66	200
610	145	10	79	128
611	79	17	90	53
612	149	77	64	189
613	86	47	37	59
614	133	51	58	95
615	62	43	41	64
616	42	55	15	152
617	6	68	67	120
618	143	60	79	184
619	47	20	69	65
620	95	3	88	86
621	73	67	64	123
622	99	46	39	56
623	23	63	82	179
624	117	14	84	38
625	85	68	37	198
626	91	25	73	162
627	27	4	84	28
628	17	40	46	129
629	47	3	24	148
630	101	36	27	61
631	66	34	80	66
632	46	17	47	147
633	65	2	11	59
634	130	56	44	63
635	126	74	22	216
636	71	40	12	157
637	137	75	22	162
638	22	46	52	133
639	57	61	50	163
640	106	74	44	147
641	58	47	9	137
642	9	6	88	42
643	102	16	49	39
644	115	71	41	172
645	87	73	7	83
646	71	50	88	80
647	53	47	33	55
648	44	34	12	38
649	62	73	55	195
650	86	23	37	113
651	70	33	74	119
652	46	29	66	64
653	108	62	74	142
654	24	75	49	203
655	12	63	7	171
656	59	31	43	151
657	31	26	1	44
658	50	6	17	125
659	83	59	24	188
660	76	79	5	164
661	114	2	74	41
662	103	40	8	57
663	68	23	4	149
664	25	64	58	171
665	96	60	4	205
666	139	46	45	169
667	4	8	33	87
668	110	60	65	185
669	77	54	44	83
670	103	61	7	81
671	87	16	17	127
672	9	63	67	167
673	86	53	90	179
674	75	59	8	137
675	133	67	29	159
676	17	38	7	183
677	103	19	46	126
678	114	11	58	62
679	144	13	33	15
680	20	44	8	149
681	72	61	20	207
682	73	79	65	186
683	82	56	19	206
684	110	12	55	126
685	50	2	11	15
686	91	43	85	127
687	74	78	48	172
688	7	6	70	136
689	105	65	57	144
690	11	22	6	114
691	138	31	23	180
692	2	22	22	73
693	56	50	55	99
694	32	64	64	169
695	107	14	70	29
696	119	36	24	110
697	33	51	32	146
698	72	39	58	98
699	74	14	19	141
700	67	57	79	81
701	4	25	4	112
702	25	14	42	47
703	80	54	77	155
704	92	23	46	147
705	111	61	68	93
706	68	45	23	88
707	85	74	80	127
708	73	70	76	199
709	95	14	5	133
710	109	28	1	118
711	149	63	40	205
712	40	23	26	173
713	146	8	54	71
714	142	2	15	130
715	130	53	90	158
716	78	46	45	68
717	108	15	81	133
718	109	26	88	35
719	142	31	30	62
720	16	55	23	66
721	102	10	35	103
722	45	40	70	64
723	7	70	68	154
724	7	79	67	194
725	63	73	74	94
726	92	33	21	168
727	92	35	15	44
728	97	14	41	62
729	66	22	80	132
730	25	28	44	111
731	111	19	8	136
732	27	69	43	210
733	123	68	63	184
734	111	14	40	66
735	124	6	52	76
736	15	36	27	117
737	128	12	70	15
738	118	16	17	146
739	140	67	89	135
740	31	22	88	77
741	51	77	51	89
742	66	56	63	95
743	136	56	49	57
744	108	20	43	106
745	37	44	20	48
746	149	43	36	83
747	134	30	77	96
748	66	30	31	147
749	139	41	38	95
750	12	79	62	227
751	18	63	50	189
752	131	73	23	90
753	7	12	72	69
754	31	54	6	69
755	140	1	80	109
756	19	7	74	14
757	92	5	52	11
758	44	15	85	77
759	57	43	89	80
760	89	1	83	96
761	106	18	24	154
762	133	73	22	98
763	103	4	12	27
764	135	68	30	145
765	59	54	44	156
766	148	6	35	113
767	43	78	83	209
768	59	30	67	44
769	124	9	52	17
770	81	43	32	128
771	38	36	47	59
772	119	36	31	63
773	81	52	61	130
774	21	73	64	136
775	52	30	35	140
776	78	27	56	130
777	3	4	20	139
778	81	25	39	144
779	56	69	73	146
780	115	50	5	95
781	26	43	54	89
782	32	23	40	106
783	38	79	34	96
784	76	31	29	161
785	97	76	46	156
786	23	39	10	170
787	63	59	57	86
788	34	37	33	96
789	148	47	66	76
790	7	20	73	116
791	20	70	82	217
792	29	30	89	57
793	112	2	46	136
794	30	79	16	223
795	150	36	12	69
796	87	56	23	140
797	143	3	44	153
798	116	77	5	212
799	137	78	42	93
800	38	42	12	93
801	105	1	35	37
802	58	27	59	84
803	76	14	82	26
804	45	24	27	62
805	86	57	89	108
806	139	60	88	185
807	43	25	42	106
808	32	21	11	59
809	85	68	14	210
810	19	4	49	150
811	104	76	37	224
812	127	27	87	89
813	116	55	15	159
814	110	31	70	33
815	124	50	14	55
816	57	67	34	209
817	135	55	35	58
818	21	68	50	192
819	24	75	1	128
820	12	9	24	136
821	134	43	72	188
822	33	78	79	84
823	86	35	62	178
824	100	61	36	146
825	74	10	19	104
826	55	39	7	169
827	146	26	2	34
828	49	70	6	154
829	77	7	79	19
830	83	76	9	94
831	112	70	2	132
832	38	39	26	52
833	121	49	17	74
834	74	69	34	191
835	14	53	31	115
836	135	22	48	135
837	135	29	34	148
838	56	29	47	46
839	127	19	48	85
840	99	35	48	104
841	11	79	55	215
842	109	59	47	181
843	137	49	26	170
844	105	74	54	215
845	62	20	20	137
846	53	9	35	38
847	97	58	34	155
848	139	5	45	56
849	107	7	67	124
850	111	60	81	157
851	32	35	8	171
852	12	11	66	84
853	63	72	61	188
854	82	43	46	124
855	139	19	27	49
856	115	17	80	140
857	4	32	90	146
858	11	52	53	94
859	57	76	19	196
860	134	33	34	131
861	93	27	85	51
862	60	27	6	128
863	104	39	70	159
864	28	22	62	105
865	129	39	69	80
866	12	70	14	190
867	142	72	59	99
868	17	10	4	119
869	117	45	65	72
870	1	57	59	161
871	124	12	5	65
872	20	72	46	122
873	149	7	60	17
874	144	53	2	188
875	36	42	33	95
876	106	35	3	107
877	124	44	30	70
878	39	30	1	94
879	139	35	87	44
880	71	57	50	126
881	35	52	40	132
882	24	66	56	126
883	85	73	82	165
884	63	28	65	117
885	23	3	24	64
886	46	2	64	37
887	51	14	5	135
888	93	71	1	100
889	103	21	40	148
890	35	26	66	47
891	54	21	52	40
892	124	1	77	147
893	143	74	78	164
894	18	65	34	134
895	125	43	61	163
896	122	15	20	141
897	56	3	34	145
898	86	26	35	68
899	41	39	90	54
900	104	20	62	168
901	39	69	88	178
902	55	55	19	136
903	83	67	42	173
904	4	66	81	125
905	15	19	43	119
906	77	2	73	120
907	94	37	64	137
908	71	11	7	23
909	16	47	60	169
910	101	27	15	60
911	20	74	48	98
912	109	21	14	144
913	8	31	65	168
914	4	33	44	131
915	21	75	17	166
916	133	72	12	123
917	33	47	14	180
918	72	12	67	104
919	136	23	77	117
920	127	31	29	166
921	138	56	31	197
922	63	56	20	191
923	14	63	76	111
924	133	67	60	134
925	104	48	49	125
926	3	61	10	199
927	122	15	14	113
928	138	44	44	169
929	148	65	85	125
930	131	34	45	80
931	94	58	86	134
932	2	32	82	137
933	22	46	84	71
934	10	74	4	205
935	89	28	71	156
936	50	2	72	101
937	22	55	69	57
938	124	48	10	116
939	28	61	75	90
940	43	13	36	78
941	30	59	59	151
942	23	47	42	60
943	101	14	50	164
944	120	22	9	163
945	111	69	44	153
946	15	73	53	167
947	139	32	54	64
948	36	4	36	121
949	131	3	88	7
950	139	45	38	134
951	37	63	51	69
952	50	36	48	46
953	149	30	86	95
954	136	21	68	48
955	47	31	88	165
956	142	50	3	172
957	42	22	65	52
958	45	53	29	135
959	2	28	19	131
960	1	42	23	191
961	128	61	33	76
962	109	47	41	105
963	2	36	71	179
964	106	14	77	161
965	109	4	19	7
966	137	50	76	188
967	109	37	61	146
968	11	51	9	91
969	16	42	54	166
970	94	26	61	121
971	146	38	20	140
972	120	15	30	93
973	48	54	73	89
974	26	2	14	38
975	92	40	84	44
976	20	75	13	110
977	124	36	1	103
978	47	43	4	85
979	18	67	75	205
980	110	56	35	115
981	24	19	63	121
982	67	56	17	64
983	82	4	64	8
984	34	47	90	107
985	6	25	58	129
986	143	30	86	92
987	97	37	49	93
988	38	31	17	93
989	114	32	73	62
990	27	48	30	59
991	83	45	74	64
992	10	54	78	122
993	5	39	51	88
994	150	31	80	127
995	10	28	84	75
996	76	39	78	78
997	80	71	39	178
998	73	22	49	79
999	62	8	15	79
1000	36	19	48	111
